VARIABLES = "X"
 "Y"
 "rho_N2"
 "rho_O2"
 "rho_NO"
 "rho_N"
 "rho_O"
 "rho_NOp"
 "rho_N2p"
 "rho_O2p"
 "rho_Np"
 "rho_Op"
 "rho_e"
 "U"
 "V"
 "T"
 "Tv"
 "rho"
 "P"
 "H"
 "tau"
 "gamma"
ZONE
DT=(DOUBLE,DOUBLE,DOUBLE,DOUBLE,DOUBLE,DOUBLE,DOUBLE,DOUBLE,DOUBLE,DOUBLE,DOUBLE,DOUBLE,DOUBLE,DOUBLE,DOUBLE,DOUBLE,DOUBLE,DOUBLE,DOUBLE,DOUBLE,DOUBLE,DOUBLE)
                   2.25                       0     0.00187525476652508    0.000575903272983344    1.32557552399717E-14    3.04945546972776E-17    2.87569709692304E-12                       0                       0                       0                       0    -1.3541653918447E-36                       0   -4.99598788779861E-17   -3.81163672131865E-22                     875                     875     0.00245115831308229        618.172460468313                  910380      0.0762920335657758        1.30641603469849 
                   2.25     0.00353535353535354    0.000612291876930379    0.000188038895474201    4.51572979950997E-15    6.16546123220266E-17    9.95318354510326E-13    1.78028702261385E-19    1.72551943559069E-21    2.98785227836221E-20    2.42433540353557E-28    2.88121994568345E-19    6.78921522968031E-24        1392.43079310896       -0.72789380689017        2681.06401596843        1225.53020617693    0.000800330734494967        618.307374433304        3753001.45617672      0.0019710121001669        1.27117583013098 
                   2.25     0.00707070707070707    0.000533992553764217    0.000163992679167907    3.77744272064398E-15    1.19562193731412E-16    9.02748647137669E-13     2.6059163669171E-19    2.99938065825117E-21    3.53189881495801E-20    6.29019179075074E-31    3.20286207108999E-19    6.50053817764265E-24         2372.6294696186        0.29340227176125        3073.96716042259        1308.18082354027    0.000697985220563058        618.406198266807         6015608.8062508     0.00125671516096995        1.26578224177624 
                   2.25      0.0106060606060606    0.000547910548659764     0.00016826693984257    2.84029500627569E-15    8.76380661309113E-17    6.98523876800378E-13    3.87030186000475E-19    3.09668804216844E-21    4.33978626622187E-20    1.18895593278206E-30    4.20526896072429E-19    4.11454353573965E-24        3184.10392353484        5.32253225035877        2996.23511860075        1278.96250780286    0.000716177530348741        618.405783802178        8193538.67626655     0.00136730279455702        1.26760650239664 
                   2.25      0.0141414141414141    0.000617717506175394    0.000189705133260258    1.74490236400875E-15    3.10066948029131E-17     4.2306474144377E-13     5.9712412487564E-19    2.21596631887543E-21    5.53067286751587E-20    1.01401858353409E-28    6.03432057967561E-19     1.5114938185485E-24         3772.8164700415        9.71742617413991        2662.55061426183        1166.94615166973    0.000807422615604902        619.005838443232        9889009.80377646     0.00204090105916119        1.27565254198482 
                   2.25      0.0176767676767677    0.000747501264878673    0.000229562561182814    9.96659426425687E-16    8.83168642072175E-18    2.44300516719621E-13    9.42240345087577E-19    1.00120960431902E-21    7.35303850706207E-20    7.49351047255336E-27    9.04959699742248E-19    4.14234363074129E-25        4151.94807025442        14.3708602107813        2208.29069853341        998.578115439012    0.000977063724147951        620.225102960478        10907123.8888642     0.00397414955486584        1.29158226217341 
                   2.25      0.0212121212121212    0.000939138116505608    0.000288415491034211    5.62454203306192E-16    2.63600465100224E-18    1.40264630232449E-13    1.47689647371568E-18    3.41066965813102E-22    1.00538767786768E-19    8.26971333721084E-25    1.37182262922934E-18    1.03759870964509E-25        4383.67941945288        18.5724095211207        1765.85420899837        842.293094953969     0.00122755393675063         621.72277066716        11427054.8687158       0.009316524904543        1.31156911389808 
                   2.25      0.0247474747474747     0.00118157389022751    0.000362869178365328    3.17612426093477E-16    8.62611784625106E-19    7.99232434302462E-14    2.22848626823004E-18    8.62695224813083E-23    1.29480801984075E-19    6.01631512808556E-23    2.01747603049397E-18    9.01508853852133E-26        4527.49414455265         22.025140118973        1400.00156856163        723.732248956488     0.00154444342960921        622.570970386372        11683487.8556515       0.022182013503365        1.33065979003893 
                   2.25      0.0282828282828283     0.00142199592731918    0.000436704401107785    1.90289293892964E-16    3.72353426373093E-19    4.73681696084068E-14    3.12485388145462E-18    1.89315486118882E-23    1.44551556907251E-19    1.05695546867466E-21    2.66264312423062E-18    3.13811140144289E-25        4614.51286116434        24.4353674813672        1163.77404133878        638.252533862948     0.00185870070563954        621.618170829809        11834858.4976335      0.0477877693964506        1.34653594027636 
                   2.25      0.0318181818181818      0.0016207579514343    0.000497745493314965    1.18814475059817E-16    1.99692927937057E-19    2.84809995725052E-14    3.92701257971307E-18    3.02173880028288E-24    1.44098984303533E-19      1.271190744165E-21    3.09552902587346E-18    3.45334939410565E-25        4672.69137420818        25.9907808821553        1019.00753550716        573.234664862859     0.00211850357330083        620.733472039602        11953906.9834372       0.082737531132336        1.35912543491488 
                   2.25      0.0353535353535354     0.00177725248562698    0.000545805917328949    7.82237437277368E-17    1.32364574359768E-19    1.74019021685594E-14     4.5594473443233E-18    3.16479263073353E-25     1.3348743037739E-19    1.18765979301549E-21    3.33582889831282E-18    1.74907840959211E-25        4712.71838568467        27.0028609429881        927.821245729813        523.223333402239     0.00232305848046915         620.28548435841        12046656.9701115       0.123171661630906        1.36866648624803 
                   2.25      0.0388888888888889      0.0018991369265338    0.000583237425181697    5.49832771882286E-17    1.02654249466155E-19    1.08279105298095E-14    5.04364886653083E-18    1.97385406129191E-26    1.17405506531177E-19    8.78554095481502E-22    3.46820840373467E-18    1.15818865394345E-25        4740.83061073618        27.7040823475375        867.522223378697        484.415804840928     0.00248237403506655        620.109629958933        12116826.9145869       0.165218054844913        1.37568763518774 
                   2.25      0.0424242424242424     0.00199427653818116    0.000612455449614222    4.14169411446514E-17    8.73528105008953E-20    6.82537303126272E-15     5.4151336454908E-18    6.65471657867615E-28    1.00652846581851E-19    3.88569594450469E-21    3.57137938875251E-18    1.36961378963879E-25        4761.07132967326        28.2300060029497        825.760124700631        453.756399948167     0.00260673182169421        620.096759972021        12169687.5711658       0.205848686000659         1.3808348406863 
                   2.25       0.045959595959596     0.00206944376070584     0.00063553981580827    3.33291674908823E-17     7.8464581401233E-20     4.3142788057526E-15    5.70263348384339E-18    1.36013864743934E-29    8.65221001231901E-20    1.23699885143712E-20    3.69347293739932E-18    1.39778293500634E-25        4776.04054017832        28.6529365495956        795.597629032377         428.96519513005     0.00270498400707383        620.182450780406        12209889.4343143       0.243480696474308        1.38466131719051 
                   2.25      0.0494949494949495     0.00212705336522308      0.0006532320715533    2.88524917131373E-17    7.31874310791047E-20    2.82761680239566E-15    5.91401159865677E-18    2.69782618792732E-30     7.6437432508213E-20    2.09906440353513E-20    3.84823741936891E-18    1.16324860786228E-25        4786.78177684512        29.0043634287673        774.240639127814        409.294943338441     0.00278028547879609        620.340708380655        12239252.3104485       0.276609055931858        1.38740039648186 
                   2.25       0.053030303030303     0.00217086369805351    0.000666686583678027    2.62376280988291E-17    6.95295695083203E-20    1.91707651094497E-15    6.06306432598069E-18     6.0043679065506E-31    6.91986789406621E-20    2.20844042776926E-20    3.98311033375522E-18    1.00453731285613E-25        4794.50036384337        29.3163231263519        758.917445707722         393.87981684515     0.00283755051629638        620.560602031702        12260495.6310471       0.304288629879875        1.38934695609632 
                   2.25      0.0565656565656566     0.00220765935876897    0.000677986793422638    2.44119403635822E-17    6.65822106175019E-20    1.25846600840238E-15    6.17936766476292E-18    4.56092195101628E-31    6.33495917165398E-20    2.20843862633858E-20     4.0999515978566E-18    9.08601588820716E-26        4800.75940764851        29.6176197331571        746.500948033174        380.722253166275     0.00288564632223393        620.830109385133         12277783.877212       0.328588217541722        1.39091025949594 
                   2.25      0.0601010101010101     0.00223628521384185    0.000686777869216872    2.33657228241443E-17    6.43724369442358E-20    8.57625769411256E-16    6.25669155311233E-18    4.17910919992409E-31    5.90778104384169E-20    2.20843862633858E-20    4.19012358498301E-18     9.0306515636111E-26        4805.37507807964        29.9141141245886        737.349986363258        370.276849270145     0.00292306258161379        621.174194586117        12290588.9073537       0.348475902382271        1.39204082350194 
                   2.25      0.0636363636363636     0.00225848412661438    0.000693595284734423    2.26962622132109E-17    6.27736813078324E-20    5.95243256739924E-16    6.30532098383336E-18     3.9569750760142E-31    5.59168891936967E-20    2.20843762464619E-20    4.26541697746679E-18    9.39004410713855E-26        4808.82623835099        30.2120748667069         730.57592345959        362.054631210879     0.00295207883968316        621.585163959957        12300258.8290949       0.364086579864365        1.39287303607789 
                   2.25      0.0671717171717172     0.00227787137825123    0.000699549247333928    2.22054594138253E-17    6.14445078832753E-20    3.97266172985375E-16    6.34095077779627E-18    3.80587120750083E-31    5.32496197382598E-20    2.20843750124422E-20    4.33394927501458E-18    9.93861606765751E-26        4811.76534982686        30.5114444410833        724.846089653002        354.813180413327     0.00297742020869122        622.027945887604        12308548.8314332       0.377818428592493        1.39357296682971 
                   2.25      0.0707070707070707     0.00229106320673924    0.000703600590455921    2.19153940798685E-17    6.06600439663257E-20    2.89428298955592E-16    6.35369625322691E-18    3.73276165308981E-31    5.14391159173156E-20    2.20843697435395E-20    4.38864910218238E-18    1.07205338497078E-25         4813.7456820647        30.7406671024691        721.097223831919        349.674725464734     0.00299466363033686        622.387469322356        12314261.6256508       0.387334298128879        1.39403161959278 
                   2.25      0.0742424242424242     0.00230337631374483    0.000707382085732716    2.16594170941814E-17    5.99604289675954E-20    1.95434149087854E-16    6.36304972912797E-18    3.67125456294292E-31    4.97582482762386E-20    2.20843686859575E-20    4.44181304322955E-18      1.154029351079E-25        4815.58982958187        30.9599362039127        717.629948907531          344.8368090638     0.00301075851678787        622.735586654038        12319608.9188512       0.396249325087963        1.39445558911242 
                   2.25      0.0777777777777778     0.00231098792723756    0.000709719588299554    2.14679387829912E-17    5.95302453119284E-20     1.4504415810323E-16    6.35495674339991E-18    3.63900695091265E-31    4.85542014825435E-20     1.7827286859588E-20    4.47972313000637E-18    1.23579726495747E-25        4816.84151637012        31.0207319422534        715.380511236509         341.48227961536     0.00302070726858992        622.832899261002        12323346.2918102       0.402358993522752        1.39473268198952 
                   2.25      0.0813131313131313     0.00231782955961906    0.000711820610254726    2.12933578060914E-17    5.91640973865765E-20    1.02295067904919E-16    6.34389277359141E-18    3.61312562901553E-31     4.7441926930481E-20    1.26000730875599E-20    4.51716679260674E-18    1.31669618180558E-25        4817.99809145353        31.0547896762033        713.328699387728        338.368302214195     0.00302964945173979        622.887714156616         12326827.110695       0.408011868090377        1.39498588479371 
                   2.25      0.0848484848484848     0.00232223593770333    0.000713173889040852    2.11557573037941E-17    5.88813749358473E-20    7.44271041562117E-17    6.31362996135702E-18    3.59960994808727E-31    4.65985829828955E-20    8.56638827079047E-21    4.55593344017963E-18    1.38116883693285E-25        4818.89429585363        30.8782541969033        711.652566241586        335.999402005107     0.00303540915771508        622.607221025152        12329434.7644511       0.412956843202258        1.39517272522517 
                   2.25      0.0883838383838384      0.0023251985008596    0.000714083850958154    2.10444340455564E-17    5.86668062975206E-20    5.57670602307473E-17    6.27193431040086E-18    3.59537502260266E-31    4.59221356291884E-20    3.83705984609902E-21    4.59834162730416E-18     1.4358486079576E-25        4819.64054069239         30.573499680898        710.192411853621        334.063792201957     0.00303928196700372        622.122216517165        12331538.4278568       0.417500998045729        1.39532086266734 
                   2.25      0.0919191919191919     0.00232749912152005    0.000714790487694737    2.09345196786044E-17    5.83992978079735E-20    3.88617840098982E-17    6.22252812499582E-18    3.58897571163193E-31    4.52801484260571E-20    7.83540468458714E-22    4.63969122472161E-18    1.48627380229157E-25        4820.34610716033        30.1158572746729        708.652560630127          332.2639689193     0.00304228943311337        621.390050483528        12333362.3670124       0.422507841136594        1.39545813352304 
                   2.25      0.0954545454545454     0.00232656151503443    0.000714502514356169    2.08237118629745E-17    5.78477952999225E-20    3.11062874963287E-17    6.13603486437646E-18    3.57180980332361E-31    4.47773855638599E-20    8.72343965962331E-22    4.67686897036892E-18    1.52295192465926E-25        4820.86476044901        28.9012059635767        706.706065453185        331.104248035219     0.00304106385696007         619.43460887982        12333858.5728396       0.429823028145473        1.39554366047123 
                   2.25       0.098989898989899     0.00232560473285252    0.000714208652278126    2.07121536923986E-17    5.72909844653265E-20    2.33850611288408E-17    6.04937345969441E-18    3.55432716258991E-31    4.42730087527287E-20    8.72500250073447E-22    4.71379485638685E-18    1.55988046394609E-25        4821.38319773173        27.6805283656891        704.754263233414        329.946179317366     0.00303981323412957        617.469436766532        12334348.2192363       0.437162239051973        1.39562906558147 
                   2.25       0.102525252525253     0.00232088396432338    0.000712758849650681    2.05599248506991E-17    5.63549756911585E-20    1.77160448113686E-17     5.9426138582055E-18    3.51907448064486E-31    4.37376858216118E-20    1.16315183266855E-21    4.73847019113655E-18    1.58977321886948E-25        4821.85246951128        25.5469165693482        702.247830700219        329.009021738708     0.00303364270057217        614.036357548752        12334032.2868578       0.447830023922023        1.39569743085404 
                   2.25       0.106060606060606     0.00231145614994047    0.000709863461842063    2.03523493634462E-17    5.49111942477351E-20    1.46827971194358E-17    5.81145114901229E-18    3.45921615753687E-31    4.31479427136966E-20    1.16315137347663E-21    4.74542938174488E-18    1.61205437364413E-25         4822.2660814143        22.2595206404301        699.026866634184        328.337817286966     0.00302131963410407         608.74983466877        12332716.5358351       0.462732218888128        1.39574539907974 
                   2.25        0.10959595959596     0.00230202833555757    0.000706968074033445    2.01447738761932E-17    5.34674128043117E-20    1.16495494275031E-17    5.68028843981908E-18    3.39935783442888E-31    4.25581996057815E-20    1.16315091428471E-21    4.75238857235321E-18    1.63433552841878E-25        4822.67969331732         18.972124711512        695.805902568148        327.666612835224     0.00300899656763597        603.463311788789        12331400.7848125       0.477634413854232        1.39579336730544 
                   2.25       0.113131313131313     0.00228623997745963    0.000702119338419773    1.98883843193693E-17    5.16560488311632E-20    9.40775909164087E-18    5.53694693244261E-18    3.32844483350461E-31     4.1931170336776E-20    1.16315045092403E-21    4.74899928056062E-18    1.64312112657946E-25        4823.09106554694        14.2837240053847        691.967086097956        327.119228790424     0.00298835947152526        596.055350699247         12329477.897016        0.49821778411622        1.39583226492844 
                   2.25       0.116666666666667      0.0022622940099916    0.000694765357138836    1.95669930909035E-17     4.9334782335704E-20    8.20876663485463E-18    5.37904210836457E-18    3.24018053067323E-31    4.12419597141465E-20    1.16314950152437E-21    4.72873205363472E-18    1.63434446975241E-25         4823.5045874352        7.77957083639342        687.303596682133        326.723752497021     0.00295705936488987        585.898624011119        12326768.4427398        0.52620704525699        1.39586000129286 
                   2.25        0.12020202020202     0.00223834804252357    0.000687411375857899    1.92456018624378E-17    4.70135158402448E-20    7.00977417806838E-18    5.22113728428652E-18    3.15191622784184E-31     4.0552749091517E-20    1.16314855212472E-21    4.70846482670882E-18    1.62556781292535E-25        4823.91810932346        1.27541766740216         682.64010726631        326.328276203619     0.00292575925825448        575.741897322991        12324058.9884636       0.554196306397761        1.39588773765727 
                   2.25       0.123737373737374     0.00221255378619053    0.000679489773503955    1.89162067774528E-17    4.46407553917518E-20    5.88762324639382E-18    5.06189466813365E-18     3.0640138480966E-31    3.98623643883816E-20    1.16314829791166E-21    4.68746797701247E-18     1.6107133095753E-25        4824.34522538101        -5.6819669698089        677.786021222661        325.951942828625     0.00289204326351688         565.01770095526        12321261.9387951       0.585234095116758        1.39591414349354 
                   2.25       0.127272727272727     0.00217390631262764    0.000667620910891405    1.85244822829782E-17    4.18080490061876E-20    5.34759680525899E-18    4.89561852515864E-18    2.97030131605129E-31    3.91274354137207E-20    1.16315290187198E-21    4.65215108636239E-18    1.55910562754613E-25        4824.86889910437       -15.7870418237991        671.561834647001        325.698729797578     0.00284152700273757        550.265936914881        12317796.9439137       0.636657229364958         1.3959316299547 
                   2.25       0.130808080808081     0.00213508144173884    0.000655697565359001    1.81323504697459E-17    3.89686184478155E-20    4.81253366113741E-18    4.72949460705519E-18    2.87641162319596E-31    3.83918109749715E-20    1.16315805838214E-21    4.61649728518757E-18    1.50742352435466E-25         4825.3949697941       -25.9408528693518        665.312232023814         325.44618823814     0.00279077884980663        535.455402611776        12314322.8907822        0.68846363098821         1.3959490537162 
                   2.25       0.134343434343434     0.00209625657085004    0.000643774219826597    1.77402186565136E-17    3.61291878894433E-20    4.27747051701585E-18    4.56337068895175E-18    2.78252193034064E-31    3.76561865362223E-20    1.16316321489231E-21    4.58084348401275E-18     1.4557414211632E-25        4825.92104048384       -36.0946639149043        659.062629400628        325.193646678701     0.00274003069687569         520.64486830867        12310848.8376506       0.740270032611461        1.39596647747769 
                   2.25       0.137878787878788     0.00205332202926217    0.000630588763885054    1.73213824582484E-17    3.32284787385331E-20    3.85139989116648E-18    4.39706368450004E-18    2.68851415587135E-31    3.68667933315682E-20    1.16316762162577E-21    4.53356895754188E-18    1.39561042975571E-25        4826.53407317032       -47.7395418941632        652.030912520461        324.977532486413     0.00268391077851366         504.62562881124        12307321.6408652       0.814295139276572        1.39598141959231 
                   2.25       0.141414141414141     0.00200494029988825    0.000615730430395601    1.68760957907148E-17    3.02492173878061E-20    3.56660344223098E-18    4.23211923797295E-18    2.59476662226585E-31    3.60257063037369E-20    1.16317716913169E-21    4.47353287745248E-18    1.32578285505368E-25        4827.26039349011       -61.3274152870608        643.966290324827        324.803918558588     0.00262067078745666        486.966770270802        12303694.7858279       0.916549096510086        1.39599350787992 
                   2.25       0.144949494949495     0.00195655857051433    0.000600872096906148    1.64308091231811E-17    2.72699560370792E-20    3.28180699329549E-18    4.06717479144587E-18    2.50101908866036E-31    3.51846192759057E-20    1.16318671663761E-21    4.41349679736308E-18    1.25595528035165E-25         4827.9867138099       -74.9152886799582        635.901668129193        324.630304630763     0.00255743079639966        469.307911730363        12300067.9307907         1.0188030537436        1.39600559616752 
                   2.25       0.148484848484848      0.0019081768411404    0.000586013763416695    1.59855224556475E-17    2.42906946863523E-20    2.99701054435999E-18    3.90223034491878E-18    2.40727155505487E-31    3.43435322480744E-20    1.16319626414353E-21    4.35346071727367E-18    1.18612770564962E-25        4828.71303412969       -88.5031620728557        627.837045933559        324.456690702938     0.00249419080534266        451.649053189925        12296441.0757535        1.12105701097711        1.39601768445513 
                   2.25       0.152020202020202     0.00185889253670725    0.000570878232512539    1.55131411132094E-17    2.14763674550625E-20    2.75390135366133E-18    3.74020910966505E-18    2.31202045297006E-31    3.34200858479897E-20    8.82863667502044E-22    4.27549081103661E-18    1.12451522188509E-25        4829.52321876278       -103.126654617367        619.100361126698        324.304625761814     0.00242977101047305         433.87250740474        12293014.2886648         1.2717282508913        1.39602817139532 
                   2.25       0.155555555555556     0.00180765915321231     0.00055514411311753    1.50120833757505E-17    1.89281943156551E-20    2.57964145558873E-18    3.58486359363726E-18    2.21676879143799E-31    3.24016144113481E-20    8.72488993027909E-22    4.17465810280106E-18    1.07325175159798E-25        4830.47312807844       -119.522408559907        609.218727858003         324.18385268476      0.0023628033672237        415.707244077158        12289855.2592643        1.49995522678774        1.39603644924055 
                   2.25       0.159090909090909     0.00175642183360071    0.000539408784850336    1.45110772370448E-17    1.63806327825553E-20     2.4054608165331E-18    3.42954526652647E-18    2.12153066565062E-31    3.13832145200375E-20     8.7239008817151E-22    4.07382308719716E-18    1.02198960669778E-25        4831.42328519288       -135.921362665555        599.334932933503        324.063100599371     0.00229583057641235        397.540925662095         12286696.512786        1.72834668868482        1.39604472539944 
                   2.25       0.162626262626263     0.00170518451398911    0.000523673456583142    1.40100710983392E-17    1.38330712494556E-20    2.23128017747748E-18    3.27422693941568E-18    2.02629253986325E-31    3.03648146287269E-20    8.72291183315111E-22    3.97298807159326E-18    9.70727461797588E-26        4832.37344230731       -152.320316771203        589.451138009003        323.942348513982       0.002228857785601        379.374607247032        12283537.7663078        1.95673815058189        1.39605300155832 
                   2.25       0.166161616161616     0.00165404669668171    0.000507968687767933    1.35077605788702E-17    1.12700487322804E-20    2.05509592533947E-18    3.11822129530461E-18    1.93071223981993E-31    2.93446061209756E-20    6.12427935906422E-22    3.87221138466396E-18    9.19431812033629E-26        4833.31733524017       -168.638372968775        579.621988246855        323.821065773838     0.00216201512159363          361.2349607131        12280371.8677494        2.18097152024819        1.39606132034693 
                   2.25        0.16969696969697     0.00160540405627085    0.000493030186933049    1.30462713069835E-17    9.73600417874881E-21    1.93631584790679E-18    2.98137705427122E-18    1.85344458881094E-31    2.83987386024334E-20    2.90959613023184E-22     3.7712170798614E-18    8.70475155269153E-26        4834.44157876682       -186.678863893332        568.360581241429        323.738055561113     0.00209843384859826        344.520308194396        12278218.6289986        2.76264563697278        1.39606695521304 
                   2.25       0.173232323232323     0.00155688070903695    0.000478128324890702    1.25890523487559E-17     8.2817462028598E-21    1.82213520113214E-18    2.84663046182391E-18    1.77751430662369E-31      2.745997628695E-20    2.90863620829397E-22    3.67018563175637E-18    8.21625302223041E-26        4835.58253604565       -204.887359586379        556.963114296824        323.657592381939      0.0020350085687821        327.891397043336        12276146.3373569        3.37996396967168        1.39607239675589 
                   2.25       0.176767676767677     0.00150835736180304    0.000463226462848354    1.21318333905283E-17     6.8274882269708E-21     1.7079545543575E-18     2.7118838693766E-18    1.70158402443644E-31    2.65212139714667E-20     2.9076762863561E-22    3.56915418365135E-18    7.72775449176929E-26        4836.72349332448       -223.095855279425        545.565647352219        323.577129202765     0.00197158328896593        311.262485892277        12274074.0457153        3.99728230237056        1.39607783829874 
                   2.25        0.18030303030303     0.00145983401456914    0.000448324600806006    1.16746144323007E-17     5.3732302510818E-21    1.59377390758286E-18    2.57713727692929E-18    1.62565374224918E-31    2.55824516559834E-20    2.90671636441824E-22    3.46812273554633E-18    7.23925596130817E-26        4837.86445060332       -241.304350972471        534.168180407614        323.496666023591     0.00190815800914977        294.633574741217        12272001.7540736        4.61460063506945        1.39608327984159 
                   2.25       0.183838383838384     0.00141131949215724    0.000433425445123508    1.12155253547467E-17    3.89436009524133E-21    1.47813597634218E-18    2.44139206153733E-18     1.5493852415361E-31    2.46409598853067E-20    7.87490695074092E-25    3.36715767514678E-18    6.75082181180684E-26        4838.99859369169       -259.439943681115         522.82805996679        323.415677098237     0.00184474419531296        277.993573613523        12269903.2406179        5.21693263378136        1.39608877187273 
                   2.25       0.187373737373737     0.00137043725407715    0.000420870251454003    1.08742007916931E-17    3.42097760566423E-21    1.40242730057105E-18    2.33531014443721E-18    1.50220559267044E-31    2.39657141198611E-20    2.90598324456217E-22    3.29751160388288E-18     6.2279247473838E-26         4840.2072026039       -277.361372444038        511.181501550195        323.366284030982     0.00179130683274056        264.695866821828        12269423.2561155        7.03623353308868        1.39609206141976 
                   2.25       0.190909090909091     0.00132970726061808    0.000408361802253077    1.05362170925711E-17    2.96531479551207E-21    1.32789469412495E-18    2.23048582591886E-18    1.45550307146166E-31    2.32966335146201E-20    2.90596642301345E-22    3.22832265744725E-18    5.70707143605133E-26        4841.41914736932        -295.29070635729        499.518641281579        323.317412951707     0.00173806839539919        251.470303182296         12268990.146925        8.91266610242393         1.3960953509668 
                   2.25       0.194444444444444     0.00128897726715902     0.00039585335305215    1.01982333934492E-17    2.50965198535989E-21    1.25336208767885E-18    2.12566150740051E-18    1.40880055025288E-31    2.26275529093791E-20    2.90594960146473E-22    3.15913371101163E-18    5.18621812471885E-26        4842.63109213475       -313.220040270542        487.855781012963        323.268541872432     0.00168482995805781        238.244739542765        12268557.0377346        10.7890986717592        1.39609864051383 
                   2.25       0.197979797979798     0.00124824727369995    0.000383344903851223     9.8602496943273E-18    2.05398917520773E-21    1.17882948123275E-18    2.02083718888217E-18     1.3620980290441E-31    2.19584723041381E-20    2.90593277991602E-22      3.089944764576E-18    4.66536481338639E-26        4843.84303690017       -331.149374183794        476.192920744347        323.219670793157     0.00163159152071644        225.019175903233        12268123.9285441        12.6655312410944        1.39610193006087 
                   2.25       0.201515151515152     0.00120749590406566    0.000370829891410531    9.52179691529766E-18    1.59583840213364E-21    1.10413174669352E-18    1.91583629501123E-18    1.31532851588299E-31    2.12885260686772E-20    3.31283234585758E-22    3.02069163472057E-18    4.14422454528743E-26        4845.05451328923       -349.077598160437        464.532349366089        323.170726423236     0.00157832515292626        211.783482876857        12267684.2377426        14.5339421372782         1.3961052196079 
                   2.25       0.205050505050505     0.00117265199598213    0.000360129097648952    9.22878055876555E-18    1.32131689017136E-21    1.04309068754018E-18    1.82620233521435E-18    1.27659725992473E-31    2.07078415416394E-20     8.3554504538759E-22    2.95947676530689E-18    3.71548528556319E-26        4846.18654751144       -365.310485901989        453.891231800971        323.133525704438     0.00153278046788635        200.810805495099         12268032.613084        17.8483446619914        1.39610768593035 
                   2.25       0.208585858585859     0.00114372281609425    0.000351244744793752    8.98690047056669E-18    1.24359940114449E-21    9.97401754159453E-19    1.75409743212631E-18    1.24641827381568E-31    2.02265037072684E-20    8.71773739030589E-22    2.90704643666414E-18     3.3762818092075E-26        4847.24693537102       -379.912802249974        444.218733308965        323.108239570705      0.0014949669382363        192.124141254088        12269217.7444166        22.7280740967934        1.39610934758246 
                   2.25       0.212121212121212       0.001114829075467    0.000342371276118242    8.74548709453432E-18    1.16644661930932E-21    9.51830566854357E-19    1.68215382795486E-18    1.21629551014203E-31    1.97460408413833E-20    8.71773757319478E-22    2.85469372579718E-18    3.03743112121638E-26        4848.30683012802       -394.504071540246        434.553324498195        323.083009748069     0.00145719973855795        183.451006229694        12270408.2368091        27.6236285133464        1.39611100328957 
                   2.25       0.215656565656566     0.00108593533483975    0.000333497807442731    8.50407371850195E-18    1.08929383747415E-21     9.0625937954926E-19    1.61021022378341E-18    1.18617274646837E-31    1.92655779754981E-20    8.71773775608367E-22    2.80234101493022E-18    2.69858043322526E-26        4849.36672488503       -409.095340830519        424.887915687426        323.057779925433     0.00141943253887961        174.777871205301        12271598.7292016        32.5191829298993        1.39611265899668 
                   2.25       0.219191919191919     0.00105704159421249    0.000324624338767221    8.26266034246958E-18    1.01214105563897E-21    8.60688192244164E-19    1.53826661961197E-18    1.15604998279472E-31     1.8785115109613E-20    8.71773793897256E-22    2.74998830406326E-18    2.35972974523414E-26        4850.42661964203       -423.686610120791        415.222506876656        323.032550102797     0.00138166533920126        166.104736180908        12272789.2215941        37.4147373464523        1.39611431470379 
                   2.25       0.222727272727273     0.00102810729401942    0.000315738413353206    8.02071282315945E-18    9.34341977066744E-22    8.14982246774841E-19    1.46613841187071E-18    1.12586287360346E-31    1.83036508587875E-20    9.13236848275582E-22    2.69754676111488E-18    2.02047529760927E-26        4851.48707874565       -438.290522560396         405.54898405934        323.007255833173     0.00134384511574355          157.4161172231        12273973.5783546        42.2921803696672        1.39611597721485 
                   2.25       0.226262626262626     0.00100438668294007    0.000308453655045584    7.80694593951361E-18    8.79014533907345E-22    7.77115195359098E-19    1.40483977146099E-18    1.09936434186051E-31    1.78724568518301E-20     1.1623650843816E-21    2.64855894401713E-18    1.76946931774283E-26        4852.40411903508       -450.624373827129        397.432711427556        322.988431731803      0.0013128397357833        150.500253450322        12275463.0407235        48.7428246050245        1.39611727159607 
                   2.25        0.22979797979798    0.000987091537290718    0.000303142220928812    7.63341509306529E-18    8.56109633500372E-22    7.50012254874572E-19    1.35854150716752E-18    1.07798650442952E-31    1.75139883566813E-20    1.16236509097679E-21     2.6049942861201E-18    1.61889226915307E-26        4853.14961722256       -460.203777811605        391.203065787168        322.977655345943     0.00129023324529302        145.785136812308         12277366.840014        57.2388386981138        1.39611803396335 
                   2.25       0.233333333333333    0.000969876514547698    0.000297855394176224    7.46075768915444E-18    8.33401099803308E-22    7.23090052194524E-19    1.31252684099655E-18    1.05670406048369E-31    1.71571691591615E-20    1.16236509825211E-21    2.56158853271161E-18    1.46849713268745E-26        4853.89266386412       -469.745082536078        385.000353007785          322.9669583451     0.00126773149158572        141.096495931245        12279274.2755138        65.7681269039334         1.3961187829931 
                   2.25       0.236868686868687    0.000952661491804677    0.000292568567423637    7.28810028524358E-18    8.10692566106244E-22    6.96167849514476E-19    1.26651217482558E-18    1.03542161653786E-31    1.68003499616416E-20    1.16236510552743E-21    2.51818277930313E-18    1.31810199622183E-26        4854.63571050568       -479.286387260551        378.797640228401        322.956261344257     0.00124522973787842        136.407855050183        12281181.7110137         74.297415109753        1.39611953202285 
                   2.25        0.24040404040404    0.000935446469061656    0.000287281740671049    7.11544288133273E-18     7.8798403240918E-22    6.69245646834428E-19    1.22049750865462E-18    1.01413917259203E-31    1.64435307641217E-20    1.16236511280275E-21    2.47477702589465E-18    1.16770685975622E-26        4855.37875714724       -488.827691985025        372.594927449017        322.945564343414     0.00122272798417112         131.71921416912        12283089.1465135        82.8267033155726         1.3961202810526 
                   2.25       0.243939393939394    0.000918231446318635    0.000281994913918461    6.94278547742188E-18    7.65275498712115E-22     6.4232344415438E-19    1.17448284248365E-18    9.92856728646202E-32    1.60867115666018E-20    1.16236512007807E-21    2.43137127248616E-18     1.0173117232906E-26         4856.1218037888       -498.368996709498        366.392214669633        322.934867342571     0.00120022623046382        127.030573288057        12284996.5820134        91.3559915213923        1.39612103008234 
                   2.25       0.247474747474747    0.000900816905697042    0.000276646811192193     6.7679530725017E-18    7.42077982885228E-22    6.14951177628917E-19    1.12776197507307E-18    9.71336740823594E-32     1.5725785374227E-20    1.16236512565978E-21    2.38756982341579E-18    8.66463598750053E-27        4856.87095514202       -508.005174222283         360.12243508579        322.923972661302     0.00117746366668726        122.276003859184        12286894.9628144        99.8024222687437        1.39612181232453 
                   2.25       0.251010101010101    0.000889996965796895    0.000273323939242971    6.62769159656227E-18    7.26815075150971E-22    5.94884423658434E-19    1.09226014028332E-18    9.54446402062232E-32    1.54322365270103E-20    1.16236512841878E-21    2.35041808469843E-18    7.90497043879374E-27        4857.37017718084       -514.125294993375        356.294503302665        322.918642092113     0.00116332086950213        119.516268073575        12288593.1549844        108.623671582216        1.39612219741919 
                   2.25       0.254545454545455    0.000881181539793413    0.000270616664784294    6.49967683106712E-18    7.14044692480088E-22    5.77277030240544E-19    1.06061276610474E-18     9.3910632702093E-32    1.51625662171093E-20    1.16236513314381E-21    2.31566697627411E-18    7.32650091920477E-27        4857.79303986637       -519.171128112402        353.211973616032        322.914961541035     0.00115179820843444        117.360293368811        12290224.2232087        117.523917412048        1.39612247173075 
                   2.25       0.258080808080808    0.000872366113789932    0.000267909390325617    6.37166206557197E-18    7.01274309809204E-22    5.59669636822653E-19    1.02896539192617E-18    9.23766251979627E-32    1.48928959072083E-20    1.16236513786885E-21    2.28091586784979E-18     6.7480313996158E-27         4858.2159025519        -524.21696123143        350.129443929398        322.911280989956     0.00114027554736675        115.204318664048        12291855.2914329         126.42416324188         1.3961227460423 
                   2.25       0.261616161616162     0.00086355068778645     0.00026520211586694    6.24364730007683E-18     6.8850392713832E-22    5.42062243404762E-19      9.973180177476E-19    9.08426176938324E-32    1.46232255973073E-20    1.16236514259388E-21    2.24616475942547E-18    6.16956188002684E-27        4858.63876523744       -529.262794350457        347.046914242765        322.907600438878     0.00112875288629906        113.048343959284        12293486.3596571        135.324409071712        1.39612302035386 
                   2.25       0.265151515151515    0.000854735261782969    0.000262494841408263    6.11563253458168E-18    6.75733544467437E-22    5.24454849986871E-19    9.65670643569029E-19    8.93086101897022E-32    1.43535552874063E-20    1.16236514731892E-21    2.21141365100116E-18    5.59109236043788E-27        4859.06162792297       -534.308627469485        343.964384556132        322.903919887799     0.00111723022523137        110.892369254521        12295117.4278813        144.224654901543        1.39612329466541 
                   2.25       0.268686868686869    0.000845919835779488    0.000259787566949586    5.98761776908654E-18    6.62963161796554E-22     5.0684745656898E-19    9.34023269390458E-19     8.7774602685572E-32    1.40838849775053E-20    1.16236515204395E-21    2.17666254257684E-18    5.01262284084891E-27         4859.4844906085       -539.354460588512        340.881854869499        322.900239336721     0.00110570756416367        108.736394549758        12296748.4961056        153.124900731375        1.39612356897697 
                   2.25       0.272222222222222    0.000837061610764659    0.000257067148476584    5.85915352319623E-18    6.50140008829003E-22     4.8916518689521E-19    9.02249202996859E-19    8.62357599082476E-32    1.38133308564919E-20    1.16236515641904E-21    2.14181673010476E-18    4.43586533453424E-27        4859.90910570576        -544.42453499519        337.782652796427        322.896530639364     0.00109412895423501        106.568148297348        12298382.5718208        162.031636343309        1.39612384328852 
                   2.25       0.275757575757576    0.000830091978342255    0.000254926726739352      5.735100954445E-18    6.38189083803887E-22    4.72678100670914E-19    8.72401761682383E-19    8.47652899077298E-32    1.35509487183475E-20    1.16236515829533E-21    2.10776669489314E-18    4.08191007667028E-27        4860.24685251456       -548.396535651103         335.39440087346         322.89380991194     0.00108501889350998        104.892552572418        12299748.0089449         169.57891626706        1.39612400531769 
                   2.25       0.279292929292929    0.000826303426057378    0.000253763231235349    5.62223685574173E-18    6.28039581596816E-22    4.58688526624796E-19    8.46654556062968E-19    8.34454002264861E-32     1.3309988414935E-20    1.16236516016628E-21    2.07590716331395E-18    4.02549639187993E-27        4860.43986194412       -550.524049436422        334.206819869883        322.892788342109     0.00108006680115783        104.054379122781        12300682.6782277        175.002776854682        1.39612400531769 
                   2.25       0.282828282828283     0.00082258395157766    0.000252620948514928    5.51012288508671E-18    6.17962080907321E-22    4.44802959839048E-19    8.21091865771933E-19    8.21336077067704E-32    1.30706043368028E-20    1.16236516251556E-21    2.04422363588978E-18    3.96237422241795E-27        4860.62954733363       -552.611216620316        333.044223197504        322.891794168212     0.00107520497979932        103.233146634093        12301604.8793164        180.352583568061        1.39612400531769 
                   2.25       0.286363636363636    0.000818864477097942    0.000251478665794508    5.39800891443169E-18    6.07884580217826E-22      4.309173930533E-19    7.95529175480898E-19    8.08218151870548E-32    1.28312202586705E-20    1.16236516486485E-21    2.01254010846561E-18    3.89925205295597E-27        4860.81923272313        -554.69838380421        331.881626525124        322.890799994315     0.00107034315844082        102.411914145406         12302527.080405         185.70239028144        1.39612400531769 
                   2.25        0.28989898989899    0.000815145002618224    0.000250336383074087    5.28589494377667E-18    5.97807079528331E-22    4.17031826267552E-19    7.69966485189863E-19    7.95100226673391E-32    1.25918361805383E-20    1.16236516721414E-21    1.98085658104144E-18    3.83612988349399E-27        4861.00891811264       -556.785550988104        330.719029852745        322.889805820418     0.00106548133708231        101.590681656718        12303449.2814937        191.052196994819        1.39612400531769 
                   2.25       0.293434343434343    0.000811425528138506    0.000249194100353667    5.17378097312165E-18    5.87729578838836E-22    4.03146259481804E-19    7.44403794898828E-19    7.81982301476235E-32    1.23524521024061E-20    1.16236516956342E-21    1.94917305361727E-18    3.77300771403202E-27        4861.19860350215       -558.872718171997        329.556433180366        322.888811646522      0.0010606195157238        100.769449168031        12304371.4825823        196.402003708198        1.39612400531769 
                   2.25       0.296969696969697    0.000807706053658787    0.000248051817633246    5.06166700246663E-18    5.77652078149341E-22    3.89260692696056E-19    7.18841104607793E-19    7.68864376279078E-32    1.21130680242738E-20    1.16236517191271E-21    1.91748952619309E-18    3.70988554457004E-27        4861.38828889166       -560.959885355891        328.393836507986        322.887817472625      0.0010557576943653        99.9482166793436         12305293.683671        201.751810421577        1.39612400531769 
                   2.25        0.30050505050505    0.000803976295321601    0.000246906376890616    4.94944135759276E-18    5.67563858338957E-22    3.75359641981153E-19    6.93250944866428E-19    7.55734396550823E-32    1.18734492879025E-20    1.16236517419078E-21    1.88577979640711E-18     3.6477620909768E-27        4861.57846914278       -563.053059081212        327.227520329749        322.886819220198      0.0010508824340443        99.1244621298093        12306217.7409438        207.112641797449        1.39612400531769 
                   2.25       0.304040404040404    0.000800740339648834    0.000245912591119598    4.83706283565766E-18    5.57426818021193E-22    3.61815651918741E-19    6.68295477172577E-19    7.42486519986336E-32    1.16318207373842E-20    1.16236517517274E-21    1.85361785862941E-18     3.6483842260913E-27        4861.74383469677       -564.864859932738        326.221754710182        322.885967323918     0.00104665267457226        98.4118006283807        12307024.4103996        211.761315452291        1.39612400531769 
                   2.25       0.307575757575758    0.000799553413769242     0.00024554808057641    4.72997932173192E-18    5.47696469160245E-22    3.50171932685347E-19    6.46717983246035E-19     7.2950696571824E-32     1.1396169798193E-20    1.16236517568951E-21    1.82144361703085E-18    3.78902764925075E-27        4861.80726889325       -565.502371614409        325.899657329546        322.885770202036      0.0010451012117589        98.1698708193814        12307371.4430852        213.634491001051        1.39612400531769 
                   2.25       0.311111111111111    0.000798416946565209    0.000245199066053009    4.62368483430299E-18    5.38049952192862E-22     3.3862723402932E-19    6.25321789422435E-19     7.1663337054392E-32     1.1162332909058E-20    1.16236517645988E-21     1.7895214737582E-18    3.91737619733259E-27        4861.86813820002        -566.11172071798        325.592859115279        322.885584212488     0.00104361569939423        97.9388083946578        12307704.9787512        215.428957053382        1.39612400531769 
                   2.25       0.314646464646465    0.000797280479361176    0.000244850051529607    4.51739034687406E-18    5.28403435225479E-22    3.27082535373293E-19    6.03925595598835E-19      7.037597753696E-32    1.09284960199229E-20    1.16236517723026E-21    1.75759933048556E-18    4.04572474541443E-27         4861.9290075068       -566.721069821551        325.286060901013        322.885398222939     0.00104213018702956        97.7077459699341        12308038.5144172        217.223423105714        1.39612400531769 
                   2.25       0.318181818181818    0.000796144012157143    0.000244501037006206    4.41109585944512E-18    5.18756918258095E-22    3.15537836717265E-19    5.82529401775235E-19     6.9088618019528E-32    1.06946591307879E-20    1.16236517800064E-21    1.72567718721291E-18    4.17407329349627E-27        4861.98987681357       -567.330418925123        324.979262686747        322.885212233391     0.00104064467466489        97.4766835452105        12308372.0500831        219.017889158045        1.39612400531769 
                   2.25       0.321717171717172    0.000795007544953109    0.000244152022482805    4.30480137201619E-18    5.09110401290712E-22    3.03993138061238E-19    5.61133207951635E-19     6.7801258502096E-32    1.04608222416529E-20    1.16236517877102E-21    1.69375504394026E-18    4.30242184157811E-27        4862.05074612034       -567.939768028694         324.67246447248        322.885026243842     0.00103915916230022        97.2456211204869        12308705.5857491        220.812355210376        1.39612400531769 
                   2.25       0.325252525252525    0.000793871077749076    0.000243803007959404    4.19850688458726E-18    4.99463884323329E-22     2.9244843940521E-19    5.39737014128035E-19    6.65138989846641E-32    1.02269853525179E-20     1.1623651795414E-21    1.66183290066761E-18    4.43077038965995E-27        4862.11161542711       -568.549117132265        324.365666258214        322.884840254294     0.00103767364993556        97.0145586957633         12309039.121415        222.606821262707        1.39612400531769 
                   2.25       0.328787878787879    0.000792734610545043    0.000243453993436003    4.09221239715832E-18    4.89817367355945E-22    2.80903740749183E-19    5.18340820304435E-19    6.52265394672321E-32    9.99314846338284E-21    1.16236518031177E-21    1.62991075739496E-18    4.55911893774179E-27        4862.17248473388       -569.158466235837        324.058868043948        322.884654264745     0.00103618813757089        96.7834962710396         12309372.657081        224.401287315039        1.39612400531769 
                   2.25       0.332323232323232    0.000791588790978946    0.000243102106772459    3.98577166606773E-18    4.80155312402033E-22    2.69340688930274E-19    4.96911023058111E-19    6.39372160302204E-32    9.75897534558665E-21    1.16236518103515E-21    1.59794188846427E-18    4.68974630352906E-27        4862.23382943516       -569.773035187613        323.749234175721        322.884466211853     0.00103469040149112        96.5504196096895        12309708.6943785        226.210341933168        1.39612400531769 
                   2.25       0.335858585858586    0.000790588958664033    0.000242795052615917    3.88042071873902E-18    4.70351305794782E-22    2.58219688753983E-19    4.76302078923934E-19    6.26279042837942E-32    9.52488200663473E-21    1.16236518135247E-21    1.56544022312697E-18     4.8360419943667E-27        4862.28732529362       -570.309125507531        323.479163472839        322.884301143726     0.00103338350559226        96.3470256271964         12310002.389245        227.784609403121        1.39612400531769 
                   2.25       0.339393939393939    0.000790351832539827    0.000242722226670745    3.78280964167813E-18    4.60456125293951E-22    2.49155777949992E-19    4.59500790164971E-19    6.12998804250823E-32    9.29996328236163E-21    1.16236518144544E-21    1.53229165402597E-18    4.97825024134553E-27        4862.30051862108       -570.430346258623        323.423408779869        322.884270547254      0.0010330736083895        96.3015627447808         12310080.257398        228.143946684161        1.39612400531769 
                   2.25       0.342929292929293    0.000790130783585887    0.000242654341567078    3.68563980459658E-18    4.50617144012613E-22    2.40149214049808E-19    4.42806015254852E-19    5.99792608996953E-32    9.07606812393994E-21     1.1623651815976E-21    1.49932535234888E-18    5.11519002334521E-27        4862.31285511831       -570.543124851809        323.371725220561        322.884239950783     0.00103278477062282        96.2592745968951        12310153.4461155        228.477897989381        1.39612400531769 
                   2.25       0.346464646464646    0.000789909734631947    0.000242586456463411    3.58846996751504E-18    4.40778162731274E-22    2.31142650149624E-19    4.26111240344733E-19    5.86586413743083E-32    8.85217296551825E-21    1.16236518174975E-21    1.46635905067178E-18    5.25212980534488E-27        4862.32519161554       -570.655903444995        323.320041661253        322.884209354312     0.00103249593285614        96.2169864490094         12310226.634833        228.811849294602        1.39612400531769 
                   2.25                    0.35    0.000789688685678007    0.000242518571359743     3.4913001304335E-18    4.30939181449937E-22    2.22136086249441E-19    4.09416465434615E-19    5.73380218489214E-32    8.62827780709656E-21     1.1623651819019E-21    1.43339274899468E-18    5.38906958734456E-27        4862.33752811276        -570.76868203818        323.268358101945         322.88417875784     0.00103220709508946        96.1746983011237        12310299.8235505        229.145800599823        1.39612400531769 
