VARIABLES = "X"
 "Y"
 "rho_N2"
 "rho_O2"
 "rho_NO"
 "rho_N"
 "rho_O"
 "rho_NOp"
 "rho_N2p"
 "rho_O2p"
 "rho_Np"
 "rho_Op"
 "rho_e"
 "U"
 "V"
 "T"
 "Tv"
 "rho"
 "P"
 "H"
 "tau"
 "gamma"
ZONE
DT=(DOUBLE,DOUBLE,DOUBLE,DOUBLE,DOUBLE,DOUBLE,DOUBLE,DOUBLE,DOUBLE,DOUBLE,DOUBLE,DOUBLE,DOUBLE,DOUBLE,DOUBLE,DOUBLE,DOUBLE,DOUBLE,DOUBLE,DOUBLE,DOUBLE,DOUBLE)
                   2.25                       0     0.00324561004526913        10.4070196151733    0.000439129595179111    4.46656489572206E-09       0.186501696705818                       0                       0                       0                       0                       0                       0                       0    3.99679031023889E-16                     875                     875        10.5972003936768                 2451772                 1122222    9.50945366895439E-09        1.24613201618195 
                   2.25     0.00353535353535354    0.000993663617582407        3.05160651569786    1.24470461604331E-14    1.00082292518755E-19    1.48764167486067E-11                       0                       0                       0                       0                       0                       0        4862.43310546875       -729.662378019482        426.455542077029        341.072188683873        3.05260021302855           341034.732883        12478475.0104834     0.00655945541138633         1.3813425137786 
                   2.25     0.00707070707070707    0.000788001348818115        2.42000445119155    5.31187572936049E-18    3.63987105161896E-21    6.69675737013571E-18                       0                       0                       0                       0                       0                       0        4862.43310546875       -857.377404187602        322.884230402169        322.884002685547        2.42079242459549        203099.403583922                12483370      0.0339899462888677        1.38555705547333 
                   2.25      0.0106060606060606    0.000788000004831702        2.42000007629395    4.64389463499915E-18    7.73289788735945E-24    2.47398258716334E-18                       0                       0                       0                       0                       0                       0        4862.43310546875       -857.377990722656        322.884002685547        322.884002685547        2.42078804969788            203098.90625                12483370      0.0339902006089687        1.38555705547333 
                   2.25      0.0141414141414141    0.000788000004831702        2.42000007629395    4.56133301598258E-18    2.33900606342184E-26    2.43090288574207E-18                       0                       0                       0                       0                       0                       0        4862.43310546875       -857.377990722656        322.884002685547        322.884002685547        2.42078804969788            203098.90625                12483370      0.0339902006089687        1.38555705547333 
                   2.25      0.0176767676767677    0.000788000004831702        2.42000007629395     4.5574820922545E-18    4.93377705665802E-26    2.42995873761675E-18                       0                       0                       0                       0                       0                       0        4862.43310546875       -857.377990722656        322.884002685547        322.884002685547        2.42078804969788            203098.90625                12483370      0.0339902006089687        1.38555705547333 
                   2.25      0.0212121212121212    0.000788000004831702        2.42000007629395    4.53714240830199E-18    3.14098299912958E-26    2.41939357324186E-18                       0                       0                       0                       0                       0                       0        4862.43310546875       -857.377990722656        322.884002685547        322.884002685547        2.42078804969788            203098.90625                12483370      0.0339902006089687        1.38555705547333 
                   2.25      0.0247474747474747    0.000788000004831702        2.42000007629395    4.50311627803922E-18    3.11214298691398E-26    2.40097904532154E-18                       0                       0                       0                       0                       0                       0        4862.43310546875       -857.377990722656        322.884002685547        322.884002685547        2.42078804969788            203098.90625                12483370      0.0339902006089687        1.38555705547333 
                   2.25      0.0282828282828283    0.000788000004831702        2.42000007629395    4.49092361983111E-18    5.23068176421478E-21    2.39433973119431E-18                       0                       0                       0                       0                       0                       0        4862.43310546875       -857.377990722656        322.884002685547        322.884002685547        2.42078804969788            203098.90625                12483370      0.0339902006089687        1.38555705547333 
                   2.25      0.0318181818181818    0.000788000004831702        2.42000007629395    4.48190126376357E-18    2.86058738442136E-21    2.38973026468203E-18                       0                       0                       0                       0                       0                       0        4862.43310546875       -857.377990722656        322.884002685547        322.884002685547        2.42078804969788            203098.90625                12483370      0.0339902006089687        1.38555705547333 
                   2.25      0.0353535353535354    0.000788000004831702        2.42000007629395    4.43741279505374E-18    7.32809744554761E-29     2.3662839668885E-18                       0                       0                       0                       0                       0                       0        4862.43310546875       -857.377990722656        322.884002685547        322.884002685547        2.42078804969788            203098.90625                12483370      0.0339902006089687        1.38555705547333 
                   2.25      0.0388888888888889    0.000788000004831702        2.42000007629395     4.4146755766884E-18    2.90610926039001E-22    2.35436737950055E-18                       0                       0                       0                       0                       0                       0        4862.43310546875       -857.377990722656        322.884002685547        322.884002685547        2.42078804969788            203098.90625                12483370      0.0339902006089687        1.38555705547333 
                   2.25      0.0424242424242424    0.000788000004831702        2.42000007629395    4.40358985953465E-18    8.75650848595307E-22     2.3485986779582E-18                       0                       0                       0                       0                       0                       0        4862.43310546875       -857.377990722656        322.884002685547        322.884002685547        2.42078804969788            203098.90625                12483370      0.0339902006089687        1.38555705547333 
                   2.25       0.045959595959596    0.000788000004831702        2.42000007629395    4.38958958077892E-18    8.85142303055002E-22    2.34123930273941E-18                       0                       0                       0                       0                       0                       0        4862.43310546875       -857.377990722656        322.884002685547        322.884002685547        2.42078804969788            203098.90625                12483370      0.0339902006089687        1.38555705547333 
                   2.25      0.0494949494949495    0.000788000004831702        2.42000007629395    4.37071775633259E-18    8.95125264558727E-22    2.33130154882069E-18                       0                       0                       0                       0                       0                       0        4862.43310546875       -857.377990722656        322.884002685547        322.884002685547        2.42078804969788            203098.90625                12483370      0.0339902006089687        1.38555705547333 
                   2.25       0.053030303030303    0.000788000004831702        2.42000007629395    4.38972921138322E-18    3.14852050443512E-22    2.34158324914012E-18                       0                       0                       0                       0                       0                       0        4862.43310546875       -857.377990722656        322.884002685547        322.884002685547        2.42078804969788            203098.90625                12483370      0.0339902006089687        1.38555705547333 
                   2.25      0.0565656565656566    0.000788000004831702        2.42000007629395    4.40085616624375E-18    3.12671204075673E-22    2.34768482319418E-18                       0                       0                       0                       0                       0                       0        4862.43310546875       -857.377990722656        322.884002685547        322.884002685547        2.42078804969788            203098.90625                12483370      0.0339902006089687        1.38555705547333 
                   2.25      0.0601010101010101    0.000788000004831702        2.42000007629395    4.38093412988276E-18    3.04494781672109E-22    2.33724354567292E-18                       0                       0                       0                       0                       0                       0        4862.43310546875       -857.377990722656        322.884002685547        322.884002685547        2.42078804969788            203098.90625                12483370      0.0339902006089687        1.38555705547333 
                   2.25      0.0636363636363636    0.000788000004831702        2.42000007629395    4.38818561680924E-18    5.88814809823714E-22    2.34121903464778E-18                       0                       0                       0                       0                       0                       0        4862.43310546875       -857.377990722656        322.884002685547        322.884002685547        2.42078804969788            203098.90625                12483370      0.0339902006089687        1.38555705547333 
                   2.25      0.0671717171717172    0.000788000004831702        2.42000007629395    4.40617280526218E-18    5.81654151630916E-22    2.35083882083124E-18                       0                       0                       0                       0                       0                       0        4862.43310546875       -857.377990722656        322.884002685547        322.884002685547        2.42078804969788            203098.90625                12483370      0.0339902006089687        1.38555705547333 
                   2.25      0.0707070707070707    0.000788000004831702        2.42000007629395    4.40244577967889E-18    2.90611079333697E-22    2.34862107221377E-18                       0                       0                       0                       0                       0                       0        4862.43310546875       -857.377990722656        322.884002685547        322.884002685547        2.42078804969788            203098.90625                12483370      0.0339902006089687        1.38555705547333 
                   2.25      0.0742424242424242    0.000788000004831702        2.42000007629395    4.40065166557884E-18    1.87780105968125E-22    2.34732273083513E-18                       0                       0                       0                       0                       0                       0        4862.43310546875       -857.377990722656        322.884002685547        322.884002685547        2.42078804969788            203098.90625                12483370      0.0339902006089687        1.38555705547333 
                   2.25      0.0777777777777778    0.000788000004831702        2.42000007629395    4.37537043271567E-18     2.2739178500936E-21    2.33350005090285E-18                       0                       0                       0                       0                       0                       0        4862.43310546875       -857.377990722656        322.884002685547        322.884002685547        2.42078804969788            203098.90625                12483370      0.0339902006089687        1.38555705547333 
                   2.25      0.0813131313131313    0.000788000004831702        2.42000007629395    4.34737552383516E-18    4.88762914619867E-21    2.31818442091903E-18                       0                       0                       0                       0                       0                       0        4862.43310546875       -857.377990722656        322.884002685547        322.884002685547        2.42078804969788            203098.90625                12483370      0.0339902006089687        1.38555705547333 
                   2.25      0.0848484848484848    0.000788000004831702        2.42000007629395    4.34219720645537E-18    5.81188845722109E-21     2.3153322752214E-18                       0                       0                       0                       0                       0                       0        4862.43310546875       -857.377990722656        322.884002685547        322.884002685547        2.42078804969788            203098.90625                12483370      0.0339902006089687        1.38555705547333 
                   2.25      0.0883838383838384    0.000788000004831702        2.42000007629395    4.34646350414182E-18    5.81188845722109E-21    2.31781277282502E-18                       0                       0                       0                       0                       0                       0        4862.43310546875       -857.377990722656        322.884002685547        322.884002685547        2.42078804969788            203098.90625                12483370      0.0339902006089687        1.38555705547333 
                   2.25      0.0919191919191919    0.000788000004831702        2.42000007629395    4.35012165056482E-18    5.81188690217443E-21    2.31987030940559E-18                       0                       0                       0                       0                       0                       0        4862.43310546875       -857.377990722656        322.884002685547        322.884002685547        2.42078804969788            203098.90625                12483370      0.0339902006089687        1.38555705547333 
                   2.25      0.0954545454545454    0.000788000004831702        2.42000007629395    4.35653384698413E-18    5.81188690217443E-21    2.32373502227877E-18                       0                       0                       0                       0                       0                       0        4862.43310546875       -857.377990722656        322.884002685547        322.884002685547        2.42078804969788            203098.90625                12483370      0.0339902006089687        1.38555705547333 
                   2.25       0.098989898989899    0.000788000004831702        2.42000007629395    4.36325149260427E-18    5.81188690217443E-21    2.32778878444716E-18                       0                       0                       0                       0                       0                       0        4862.43310546875       -857.377990722656        322.884002685547        322.884002685547        2.42078804969788            203098.90625                12483370      0.0339902006089687        1.38555705547333 
                   2.25       0.102525252525253    0.000788000004831702        2.42000007629395    4.35949235393006E-18    5.81188690217443E-21    2.32598705537269E-18                       0                       0                       0                       0                       0                       0        4862.43310546875       -857.377990722656        322.884002685547        322.884002685547        2.42078804969788            203098.90625                12483370      0.0339902006089687        1.38555705547333 
                   2.25       0.106060606060606    0.000788000004831702        2.42000007629395    4.33844436363133E-18    5.81188690217443E-21    2.31486273807351E-18                       0                       0                       0                       0                       0                       0        4862.43310546875       -857.377990722656        322.884002685547        322.884002685547        2.42078804969788            203098.90625                12483370      0.0339902006089687        1.38555705547333 
                   2.25        0.10959595959596    0.000788000004831702        2.42000007629395    4.31739637333259E-18    5.81188690217443E-21    2.30373842077432E-18                       0                       0                       0                       0                       0                       0        4862.43310546875       -857.377990722656        322.884002685547        322.884002685547        2.42078804969788            203098.90625                12483370      0.0339902006089687        1.38555705547333 
                   2.25       0.113131313131313    0.000788000004831702        2.42000007629395    4.30367854558899E-18    4.98787999299496E-21    2.29624435792777E-18                       0                       0                       0                       0                       0                       0        4862.43310546875       -857.377990722656        322.884002685547        322.884002685547        2.42078804969788            203098.90625                12483370      0.0339902006089687        1.38555705547333 
                   2.25       0.116666666666667    0.000788000004831702        2.42000007629395    4.29476718827251E-18    3.23627186194629E-21    2.29090927310836E-18                       0                       0                       0                       0                       0                       0        4862.43310546875       -857.377990722656        322.884002685547        322.884002685547        2.42078804969788            203098.90625                12483370      0.0339902006089687        1.38555705547333 
                   2.25        0.12020202020202    0.000788000004831702        2.42000007629395    4.28585583095602E-18    1.48466373089761E-21    2.28557418828896E-18                       0                       0                       0                       0                       0                       0        4862.43310546875       -857.377990722656        322.884002685547        322.884002685547        2.42078804969788            203098.90625                12483370      0.0339902006089687        1.38555705547333 
                   2.25       0.123737373737374    0.000788000004831702        2.42000007629395    4.27453570744113E-18     1.2080956689389E-22    2.27902785323884E-18                       0                       0                       0                       0                       0                       0        4862.43310546875       -857.377990722656        322.884002685547        322.884002685547        2.42078804969788            203098.90625                12483370      0.0339902006089687        1.38555705547333 
                   2.25       0.127272727272727    0.000788000004831702        2.42000007629395    4.26409346074449E-18     1.5358207216075E-21    2.27290395230326E-18                       0                       0                       0                       0                       0                       0        4862.43310546875       -857.377990722656        322.884002685547        322.884002685547        2.42078804969788            203098.90625                12483370      0.0339902006089687        1.38555705547333 
                   2.25       0.130808080808081    0.000788000004831702        2.42000007629395    4.25392328760561E-18    3.12065614593333E-21    2.26689061863903E-18                       0                       0                       0                       0                       0                       0        4862.43310546875       -857.377990722656        322.884002685547        322.884002685547        2.42078804969788            203098.90625                12483370      0.0339902006089687        1.38555705547333 
                   2.25       0.134343434343434    0.000788000004831702        2.42000007629395    4.24375311446673E-18    4.70549157025913E-21    2.26087728497481E-18                       0                       0                       0                       0                       0                       0        4862.43310546875       -857.377990722656        322.884002685547        322.884002685547        2.42078804969788            203098.90625                12483370      0.0339902006089687        1.38555705547333 
                   2.25       0.137878787878788    0.000788000004831702        2.42000007629395    4.21632609209414E-18    5.23070940947907E-21    2.24641402520181E-18                       0                       0                       0                       0                       0                       0        4862.43310546875       -857.377990722656        322.884002685547        322.884002685547        2.42078804969788            203098.90625                12483370      0.0339902006089687        1.38555705547333 
                   2.25       0.141414141414141    0.000788000004831702        2.42000007629395    4.15482345002275E-18    5.23070173632387E-21    2.21437063571246E-18                       0                       0                       0                       0                       0                       0        4862.43310546875       -857.377990722656        322.884002685547        322.884002685547        2.42078804969788            203098.90625                12483370      0.0339902006089687        1.38555705547333 
                   2.25       0.144949494949495    0.000788000004831702        2.42000007629395    4.09332080795136E-18    5.23069406316867E-21    2.18232724622311E-18                       0                       0                       0                       0                       0                       0        4862.43310546875       -857.377990722656        322.884002685547        322.884002685547        2.42078804969788            203098.90625                12483370      0.0339902006089687        1.38555705547333 
                   2.25       0.148484848484848    0.000788000004831702        2.42000007629395    4.03181816587997E-18    5.23068639001347E-21    2.15028385673376E-18                       0                       0                       0                       0                       0                       0        4862.43310546875       -857.377990722656        322.884002685547        322.884002685547        2.42078804969788            203098.90625                12483370      0.0339902006089687        1.38555705547333 
                   2.25       0.152020202020202    0.000788000004831702        2.42000007629395     3.9960269845107E-18    4.95100812961885E-21    2.13185329496952E-18                       0                       0                       0                       0                       0                       0        4862.43310546875       -857.377990722656        322.884002685547        322.884002685547        2.42078804969788            203098.90625                12483370      0.0339902006089687        1.38555705547333 
                   2.25       0.155555555555556    0.000788000004831702        2.42000007629395    3.96948876862991E-18    3.66391108755472E-21    2.11817407357228E-18                       0                       0                       0                       0                       0                       0        4862.43310546875       -857.377990722656        322.884002685547        322.884002685547        2.42078804969788            203098.90625                12483370      0.0339902006089687        1.38555705547333 
                   2.25       0.159090909090909    0.000788000004831702        2.42000007629395    3.94285797133101E-18    2.36651332038869E-21    2.10444615792681E-18                       0                       0                       0                       0                       0                       0        4862.43310546875       -857.377990722656        322.884002685547        322.884002685547        2.42078804969788            203098.90625                12483370      0.0339902006089687        1.38555705547333 
                   2.25       0.162626262626263    0.000788000004831702        2.42000007629395    3.91622717403211E-18    1.06911555322267E-21    2.09071824228134E-18                       0                       0                       0                       0                       0                       0        4862.43310546875       -857.377990722656        322.884002685547        322.884002685547        2.42078804969788            203098.90625                12483370      0.0339902006089687        1.38555705547333 
                   2.25       0.166161616161616    0.000788000004831702        2.42000007629395    3.89193677089357E-18    3.21129859725906E-23    2.07822128352243E-18                       0                       0                       0                       0                       0                       0        4862.43310546875       -857.377990722656        322.884002685547        322.884002685547        2.42078804969788            203098.90625                12483370      0.0339902006089687        1.38555705547333 
                   2.25        0.16969696969697    0.000788000004831702        2.42000007629395     3.9236805119439E-18    2.04980552432519E-24    2.09479854344889E-18                       0                       0                       0                       0                       0                       0        4862.43310546875       -857.377990722656        322.884002685547        322.884002685547        2.42078804969788            203098.90625                12483370      0.0339902006089687        1.38555705547333 
                   2.25       0.173232323232323    0.000788000004831702        2.42000007629395    3.96124499684935E-18    2.04983319898427E-24     2.1144841028326E-18                       0                       0                       0                       0                       0                       0        4862.43310546875       -857.377990722656        322.884002685547        322.884002685547        2.42078804969788            203098.90625                12483370      0.0339902006089687        1.38555705547333 
                   2.25       0.176767676767677    0.000788000004831702        2.42000007629395     3.9988094817548E-18    2.04986087364334E-24    2.13416966221631E-18                       0                       0                       0                       0                       0                       0        4862.43310546875       -857.377990722656        322.884002685547        322.884002685547        2.42078804969788            203098.90625                12483370      0.0339902006089687        1.38555705547333 
                   2.25        0.18030303030303    0.000788000004831702        2.42000007629395    4.03637396666025E-18    2.04988854830242E-24    2.15385522160002E-18                       0                       0                       0                       0                       0                       0        4862.43310546875       -857.377990722656        322.884002685547        322.884002685547        2.42078804969788            203098.90625                12483370      0.0339902006089687        1.38555705547333 
                   2.25       0.183838383838384    0.000788000004831702        2.42000007629395     4.0708720013143E-18    4.27993972383596E-24    2.17186481927525E-18                       0                       0                       0                       0                       0                       0        4862.43310546875       -857.377990722656        322.884002685547        322.884002685547        2.42078804969788            203098.90625                12483370      0.0339902006089687        1.38555705547333 
                   2.25       0.187373737373737    0.000788000004831702        2.42000007629395     4.1013751203738E-18    1.06570593584085E-21    2.18809587863396E-18                       0                       0                       0                       0                       0                       0        4862.43310546875       -857.377990722656        322.884002685547        322.884002685547        2.42078804969788            203098.90625                12483370      0.0339902006089687        1.38555705547333 
                   2.25       0.190909090909091    0.000788000004831702        2.42000007629395    4.13726758523623E-18    2.12780214433767E-21    2.20719141366941E-18                       0                       0                       0                       0                       0                       0        4862.43310546875       -857.377990722656        322.884002685547        322.884002685547        2.42078804969788            203098.90625                12483370      0.0339902006089687        1.38555705547333 
                   2.25       0.194444444444444    0.000788000004831702        2.42000007629395    4.17316005009867E-18    3.18989835283449E-21    2.22628694870486E-18                       0                       0                       0                       0                       0                       0        4862.43310546875       -857.377990722656        322.884002685547        322.884002685547        2.42078804969788            203098.90625                12483370      0.0339902006089687        1.38555705547333 
                   2.25       0.197979797979798    0.000788000004831702        2.42000007629395    4.20905251496111E-18     4.2519945613313E-21    2.24538248374031E-18                       0                       0                       0                       0                       0                       0        4862.43310546875       -857.377990722656        322.884002685547        322.884002685547        2.42078804969788            203098.90625                12483370      0.0339902006089687        1.38555705547333 
                   2.25       0.201515151515152    0.000788000004831702        2.42000007629395    4.24418827919654E-18    5.31399666747385E-21    2.26407582700335E-18                       0                       0                       0                       0                       0                       0        4862.43310546875       -857.377990722656        322.884002685547        322.884002685547        2.42078804969788            203098.90625                12483370      0.0339902006089687        1.38555705547333 
                   2.25       0.205050505050505    0.000788000004831702        2.42000007629395    4.25573190691544E-18    6.06701740034293E-21    2.27021721505388E-18                       0                       0                       0                       0                       0                       0        4862.43310546875       -857.377990722656        322.884002685547        322.884002685547        2.42078804969788            203098.90625                12483370      0.0339902006089687        1.38555705547333 
                   2.25       0.208585858585859    0.000788000004831702        2.42000007629395    4.25644400239738E-18    6.99167588437954E-21     2.2705669711227E-18                       0                       0                       0                       0                       0                       0        4862.43310546875       -857.377990722656        322.884002685547        322.884002685547        2.42078804969788            203098.90625                12483370      0.0339902006089687        1.38555705547333 
                   2.25       0.212121212121212    0.000788000004831702        2.42000007629395    4.25732200474709E-18    7.95264843088173E-21     2.2710029975252E-18                       0                       0                       0                       0                       0                       0        4862.43310546875       -857.377990722656        322.884002685547        322.884002685547        2.42078804969788            203098.90625                12483370      0.0339902006089687        1.38555705547333 
                   2.25       0.215656565656566    0.000788000004831702        2.42000007629395    4.25820000709679E-18    8.91362097738391E-21     2.2714390239277E-18                       0                       0                       0                       0                       0                       0        4862.43310546875       -857.377990722656        322.884002685547        322.884002685547        2.42078804969788            203098.90625                12483370      0.0339902006089687        1.38555705547333 
                   2.25       0.219191919191919    0.000788000004831702        2.42000007629395     4.2590780094465E-18     9.8745935238861E-21     2.2718750503302E-18                       0                       0                       0                       0                       0                       0        4862.43310546875       -857.377990722656        322.884002685547        322.884002685547        2.42078804969788            203098.90625                12483370      0.0339902006089687        1.38555705547333 
                   2.25       0.222727272727273    0.000788000004831702        2.42000007629395    4.25976613451313E-18    1.07940053103592E-20    2.27221234196187E-18                       0                       0                       0                       0                       0                       0        4862.43310546875       -857.377990722656        322.884002685547        322.884002685547        2.42078804969788            203098.90625                12483370      0.0339902006089687        1.38555705547333 
                   2.25       0.226262626262626    0.000788000004831702        2.42000007629395    4.25514217449887E-18    1.06239258874809E-20     2.2697000383597E-18                       0                       0                       0                       0                       0                       0        4862.43310546875       -857.377990722656        322.884002685547        322.884002685547        2.42078804969788            203098.90625                12483370      0.0339902006089687        1.38555705547333 
                   2.25        0.22979797979798    0.000788000004831702        2.42000007629395    4.24149324796386E-18     9.7544565729541E-21    2.26230888870525E-18                       0                       0                       0                       0                       0                       0        4862.43310546875       -857.377990722656        322.884002685547        322.884002685547        2.42078804969788            203098.90625                12483370      0.0339902006089687        1.38555705547333 
                   2.25       0.233333333333333    0.000788000004831702        2.42000007629395    4.22658656278667E-18    8.88498736723844E-21     2.2542425887463E-18                       0                       0                       0                       0                       0                       0        4862.43310546875       -857.377990722656        322.884002685547        322.884002685547        2.42078804969788            203098.90625                12483370      0.0339902006089687        1.38555705547333 
                   2.25       0.236868686868687    0.000788000004831702        2.42000007629395    4.21167987760948E-18    8.01551816152278E-21    2.24617628878736E-18                       0                       0                       0                       0                       0                       0        4862.43310546875       -857.377990722656        322.884002685547        322.884002685547        2.42078804969788            203098.90625                12483370      0.0339902006089687        1.38555705547333 
                   2.25        0.24040404040404    0.000788000004831702        2.42000007629395    4.19677319243229E-18    7.14604895580713E-21    2.23810998882841E-18                       0                       0                       0                       0                       0                       0        4862.43310546875       -857.377990722656        322.884002685547        322.884002685547        2.42078804969788            203098.90625                12483370      0.0339902006089687        1.38555705547333 
                   2.25       0.243939393939394    0.000788000004831702        2.42000007629395     4.1818665072551E-18    6.27657975009147E-21    2.23004368886947E-18                       0                       0                       0                       0                       0                       0        4862.43310546875       -857.377990722656        322.884002685547        322.884002685547        2.42078804969788            203098.90625                12483370      0.0339902006089687        1.38555705547333 
                   2.25       0.247474747474747    0.000788000004831702        2.42000007629395     4.1700918269882E-18    5.40711027341992E-21      2.223658612953E-18                       0                       0                       0                       0                       0                       0        4862.43310546875       -857.377990722656        322.884002685547        322.884002685547        2.42078804969788            203098.90625                12483370      0.0339902006089687        1.38555705547333 
                   2.25       0.251010101010101    0.000788000004831702        2.42000007629395    4.14660686236871E-18    4.89423394236621E-21    2.21097399560043E-18                       0                       0                       0                       0                       0                       0        4862.43310546875       -857.377990722656        322.884002685547        322.884002685547        2.42078804969788            203098.90625                12483370      0.0339902006089687        1.38555705547333 
                   2.25       0.254545454545455    0.000788000004831702        2.42000007629395    4.11621127994383E-18    4.10755072828006E-21    2.19457940184283E-18                       0                       0                       0                       0                       0                       0        4862.43310546875       -857.377990722656        322.884002685547        322.884002685547        2.42078804969788            203098.90625                12483370      0.0339902006089687        1.38555705547333 
                   2.25       0.258080808080808    0.000788000004831702        2.42000007629395    4.08581569751895E-18    3.32086751419391E-21    2.17818480808523E-18                       0                       0                       0                       0                       0                       0        4862.43310546875       -857.377990722656        322.884002685547        322.884002685547        2.42078804969788            203098.90625                12483370      0.0339902006089687        1.38555705547333 
                   2.25       0.261616161616162    0.000788000004831702        2.42000007629395    4.05542011509407E-18    2.53418430010776E-21    2.16179021432763E-18                       0                       0                       0                       0                       0                       0        4862.43310546875       -857.377990722656        322.884002685547        322.884002685547        2.42078804969788            203098.90625                12483370      0.0339902006089687        1.38555705547333 
                   2.25       0.265151515151515    0.000788000004831702        2.42000007629395    4.02502453266919E-18    1.74750108602162E-21    2.14539562057003E-18                       0                       0                       0                       0                       0                       0        4862.43310546875       -857.377990722656        322.884002685547        322.884002685547        2.42078804969788            203098.90625                12483370      0.0339902006089687        1.38555705547333 
                   2.25       0.268686868686869    0.000788000004831702        2.42000007629395    3.99462895024431E-18    9.60817871935478E-22    2.12900102681243E-18                       0                       0                       0                       0                       0                       0        4862.43310546875       -857.377990722656        322.884002685547        322.884002685547        2.42078804969788            203098.90625                12483370      0.0339902006089687        1.38555705547333 
                   2.25       0.272222222222222    0.000788000004831702        2.42000007629395    3.96471524271243E-18    2.32398646305007E-22    2.11286461467342E-18                       0                       0                       0                       0                       0                       0        4862.43310546875       -857.377990722656        322.884002685547        322.884002685547        2.42078804969788            203098.90625                12483370      0.0339902006089687        1.38555705547333 
                   2.25       0.275757575757576    0.000788000004831702        2.42000007629395    3.95382838613355E-18    1.45736100593672E-22    2.10684703747371E-18                       0                       0                       0                       0                       0                       0        4862.43310546875       -857.377990722656        322.884002685547        322.884002685547        2.42078804969788            203098.90625                12483370      0.0339902006089687        1.38555705547333 
                   2.25       0.279292929292929    0.000788000004831702        2.42000007629395    3.97060259074582E-18    7.12588106622044E-22    2.11554812872425E-18                       0                       0                       0                       0                       0                       0        4862.43310546875       -857.377990722656        322.884002685547        322.884002685547        2.42078804969788            203098.90625                12483370      0.0339902006089687        1.38555705547333 
                   2.25       0.282828282828283    0.000788000004831702        2.42000007629395     3.9902644784247E-18    1.42436757707793E-21    2.12580133724696E-18                       0                       0                       0                       0                       0                       0        4862.43310546875       -857.377990722656        322.884002685547        322.884002685547        2.42078804969788            203098.90625                12483370      0.0339902006089687        1.38555705547333 
                   2.25       0.286363636363636    0.000788000004831702        2.42000007629395    4.00992636610357E-18    2.13614704753382E-21    2.13605454576968E-18                       0                       0                       0                       0                       0                       0        4862.43310546875       -857.377990722656        322.884002685547        322.884002685547        2.42078804969788            203098.90625                12483370      0.0339902006089687        1.38555705547333 
                   2.25        0.28989898989899    0.000788000004831702        2.42000007629395    4.02958825378245E-18    2.84792651798969E-21    2.14630775429239E-18                       0                       0                       0                       0                       0                       0        4862.43310546875       -857.377990722656        322.884002685547        322.884002685547        2.42078804969788            203098.90625                12483370      0.0339902006089687        1.38555705547333 
                   2.25       0.293434343434343    0.000788000004831702        2.42000007629395    4.04925014146133E-18    3.55970598844557E-21     2.1565609628151E-18                       0                       0                       0                       0                       0                       0        4862.43310546875       -857.377990722656        322.884002685547        322.884002685547        2.42078804969788            203098.90625                12483370      0.0339902006089687        1.38555705547333 
                   2.25       0.296969696969697    0.000788000004831702        2.42000007629395     4.0689120291402E-18    4.27148545890145E-21    2.16681417133781E-18                       0                       0                       0                       0                       0                       0        4862.43310546875       -857.377990722656        322.884002685547        322.884002685547        2.42078804969788            203098.90625                12483370      0.0339902006089687        1.38555705547333 
                   2.25        0.30050505050505    0.000788000004831702        2.42000007629395    4.08814401721527E-18    4.96168906451984E-21    2.17683631066595E-18                       0                       0                       0                       0                       0                       0        4862.43310546875       -857.377990722656        322.884002685547        322.884002685547        2.42078804969788            203098.90625                12483370      0.0339902006089687        1.38555705547333 
                   2.25       0.304040404040404    0.000788000004831702        2.42000007629395    4.10764365279546E-18     5.2307120263186E-21     2.1870786193289E-18                       0                       0                       0                       0                       0                       0        4862.43310546875       -857.377990722656        322.884002685547        322.884002685547        2.42078804969788            203098.90625                12483370      0.0339902006089687        1.38555705547333 
                   2.25       0.307575757575758    0.000788000004831702        2.42000007629395    4.14867298387413E-18    5.23070857348259E-21    2.20917393660242E-18                       0                       0                       0                       0                       0                       0        4862.43310546875       -857.377990722656        322.884002685547        322.884002685547        2.42078804969788            203098.90625                12483370      0.0339902006089687        1.38555705547333 
                   2.25       0.311111111111111    0.000788000004831702        2.42000007629395    4.18983805382219E-18    5.23070512731094E-21    2.23142808359113E-18                       0                       0                       0                       0                       0                       0        4862.43310546875       -857.377990722656        322.884002685547        322.884002685547        2.42078804969788            203098.90625                12483370      0.0339902006089687        1.38555705547333 
                   2.25       0.314646464646465    0.000788000004831702        2.42000007629395    4.23100312377026E-18    5.23070168113929E-21    2.25368223057983E-18                       0                       0                       0                       0                       0                       0        4862.43310546875       -857.377990722656        322.884002685547        322.884002685547        2.42078804969788            203098.90625                12483370      0.0339902006089687        1.38555705547333 
                   2.25       0.318181818181818    0.000788000004831702        2.42000007629395    4.27216819371833E-18    5.23069823496764E-21    2.27593637756854E-18                       0                       0                       0                       0                       0                       0        4862.43310546875       -857.377990722656        322.884002685547        322.884002685547        2.42078804969788            203098.90625                12483370      0.0339902006089687        1.38555705547333 
                   2.25       0.321717171717172    0.000788000004831702        2.42000007629395    4.31333326366639E-18    5.23069478879599E-21    2.29819052455725E-18                       0                       0                       0                       0                       0                       0        4862.43310546875       -857.377990722656        322.884002685547        322.884002685547        2.42078804969788            203098.90625                12483370      0.0339902006089687        1.38555705547333 
                   2.25       0.325252525252525    0.000788000004831702        2.42000007629395    4.35449833361446E-18    5.23069134262435E-21    2.32044467154595E-18                       0                       0                       0                       0                       0                       0        4862.43310546875       -857.377990722656        322.884002685547        322.884002685547        2.42078804969788            203098.90625                12483370      0.0339902006089687        1.38555705547333 
                   2.25       0.328787878787879    0.000788000004831702        2.42000007629395    4.39566340356252E-18     5.2306878964527E-21    2.34269881853466E-18                       0                       0                       0                       0                       0                       0        4862.43310546875       -857.377990722656        322.884002685547        322.884002685547        2.42078804969788            203098.90625                12483370      0.0339902006089687        1.38555705547333 
                   2.25       0.332323232323232    0.000788000004831702        2.42000007629395    4.43680331472395E-18    5.23068444904583E-21    2.36492352691868E-18                       0                       0                       0                       0                       0                       0        4862.43310546875       -857.377990722656        322.884002685547        322.884002685547        2.42078804969788            203098.90625                12483370      0.0339902006089687        1.38555705547333 
                   2.25       0.335858585858586    0.000788000004831702        2.42000007629395    4.47001354989953E-18    5.16671542598209E-21    2.38283460069306E-18                       0                       0                       0                       0                       0                       0        4862.43310546875       -857.377990722656        322.884002685547        322.884002685547        2.42078804969788            203098.90625                12483370      0.0339902006089687        1.38555705547333 
                   2.25       0.339393939393939    0.000788000004831702        2.42000007629395    4.47583943870098E-18    4.81066051339748E-21      2.386253549479E-18                       0                       0                       0                       0                       0                       0        4862.43310546875       -857.377990722656        322.884002685547        322.884002685547        2.42078804969788            203098.90625                12483370      0.0339902006089687        1.38555705547333 
                   2.25       0.342929292929293    0.000788000004831702        2.42000007629395     4.4822244072723E-18    4.22796935086389E-21    2.38998266536704E-18                       0                       0                       0                       0                       0                       0        4862.43310546875       -857.377990722656        322.884002685547        322.884002685547        2.42078804969788            203098.90625                12483370      0.0339902006089687        1.38555705547333 
                   2.25       0.346464646464646    0.000788000004831702        2.42000007629395    4.48860937584363E-18     3.6452781883303E-21    2.39371178125508E-18                       0                       0                       0                       0                       0                       0        4862.43310546875       -857.377990722656        322.884002685547        322.884002685547        2.42078804969788            203098.90625                12483370      0.0339902006089687        1.38555705547333 
                   2.25                    0.35    0.000788000004831702        2.42000007629395    4.49499434441495E-18    3.06258702579672E-21    2.39744089714312E-18                       0                       0                       0                       0                       0                       0        4862.43310546875       -857.377990722656        322.884002685547        322.884002685547        2.42078804969788            203098.90625                12483370      0.0339902006089687        1.38555705547333 
