VARIABLES = "X"
 "Y"
 "rho_N2"
 "rho_O2"
 "rho_NO"
 "rho_N"
 "rho_O"
 "rho_NOp"
 "rho_N2p"
 "rho_O2p"
 "rho_Np"
 "rho_Op"
 "rho_e"
 "U"
 "V"
 "T"
 "Tv"
 "rho"
 "P"
 "H"
 "tau"
 "gamma"
ZONE
DT=(DOUBLE,DOUBLE,DOUBLE,DOUBLE,DOUBLE,DOUBLE,DOUBLE,DOUBLE,DOUBLE,DOUBLE,DOUBLE,DOUBLE,DOUBLE,DOUBLE,DOUBLE,DOUBLE,DOUBLE,DOUBLE,DOUBLE,DOUBLE,DOUBLE,DOUBLE)
                   2.25                       0      0.0283926928388408     0.00869903732007304    2.99453972035809E-16    2.34581489466384E-19    7.07920202795163E-16                       0                       0                       0                       0   -2.70833078368941E-36                       0     2.2205089413087E-17                       0                     875                     875      0.0370917316490194        9354.89785066078              910416.375     0.00497067608123368        1.30638694763184 
                   2.25     0.00353535353535354      0.0203895713827681     0.00624701756211031    9.56325231061887E-17    1.85769526986883E-20     1.0447664105474E-16    2.91519290992359E-17    5.75413183524411E-26    5.47768350380782E-18    1.16254854077258E-20    5.94599663592838E-19    3.32592800685855E-25        2492.94723774465        2.14298352352984        1220.93965440566        869.993173878426      0.0266365885747324        9364.55070371197        4368336.64280533     0.00244407777374099         1.3072818871194 
                   2.25     0.00707070707070707      0.0305761178526684     0.00936800215291161     9.9334741718411E-17    1.80252270422801E-20    4.54415256234109E-17     4.3198136577469E-17    3.20282371241771E-25    7.41711486357156E-18    1.16235690479998E-20    8.53754154001324E-19    9.21011900235887E-25        2764.69990047584        3.31066008957815        813.312401915384        617.777004892278      0.0399441230808187        9359.83657829549        4649869.02029586      0.0146321382543991        1.35047960440058 
                   2.25      0.0106060606060606      0.0351532138362853      0.0107703450775453    1.01446704449748E-16    1.00168292114422E-20    3.35218644239911E-17     4.7455037658429E-17    2.45643299949229E-25    8.06075640937195E-18    1.16234052771835E-20    8.77970417099172E-19    1.15156728258507E-24        2844.66066728373        3.65969582142182        707.021274346241         505.79069575585      0.0459235588581569         9357.2403936572        4762145.08347428      0.0285789599910923        1.37198863105526 
                   2.25      0.0141414141414141      0.0373699157040523      0.0114495040143562    1.01564031307007E-16    6.55969425248442E-21    2.95897955684901E-17    4.85207308291709E-17     2.0082840808579E-24    8.20382638271967E-18    1.16233901024046E-20    8.44076594881728E-19    1.10204734962133E-24        2877.93419260047        3.82629878937605         664.95955012429        446.549609150572      0.0488194195863849        9356.54778624073        4813469.06868649      0.0387052812801744        1.38207936574328 
                   2.25      0.0176767676767677      0.0385276856274502      0.0118042272873516    1.00945234924948E-16    5.05277704402568E-21    2.77489311269858E-17    4.86492649256312E-17    3.06051616882009E-24    8.23299720773151E-18    1.16233839726089E-20    8.11255931323904E-19    8.84565425850324E-25        2894.00966496748         3.9236809283437        644.953213797867        413.235542260488      0.0503319114409288        9356.47851225069        4839142.30215034      0.0451434957312475        1.38693992966752 
                   2.25      0.0212121212121212      0.0391706485606685        0.01200121627762    9.93367948917294E-17    4.21692841478058E-21     2.6659137200516E-17    4.84533707192219E-17    4.57048398820198E-24      8.272526280255E-18    1.16233796010882E-20    7.70419893997054E-19    6.22367902634656E-25        2902.53684254373         3.9873322088414        634.366068540126        393.781741911351       0.051171870486822        9356.63697634044        4852938.97547985      0.0491017000497866        1.38944106795608 
                   2.25      0.0247474747474747      0.0395497943883241      0.0121173831242962    9.73639494131287E-17    3.45821002089016E-21    2.59758321256695E-17    4.79792185236551E-17     3.9430784501281E-24    8.22492208656473E-18    1.16233796010882E-20    6.83530409694814E-19    4.41252799608811E-25         2907.4171028798        4.03256908222316        628.294713843389        381.876350071195      0.0516671784519766        9356.88759708458        4860870.84480609      0.0515703160028702        1.39083775770639 
                   2.25      0.0282828282828283      0.0397670873085754      0.0121839615941636     9.6323079500199E-17    2.79729641436186E-21    2.56344162938177E-17    4.76253966311813E-17     1.0619586715586E-24    8.08423864876527E-18    5.81169182002801E-21    5.78215827769478E-19    3.18828062871705E-25        2910.15289813566        4.06534610499828        624.881704155361        374.751381902997      0.0519510470459352         9357.1828097224        4865324.25329914      0.0530330345547263        1.39161860358151 
                   2.25      0.0318181818181818      0.0399031798156618      0.0122256553066889    9.61923701170075E-17    2.93737011159498E-21    2.54819798907541E-17     4.7516281329983E-17    4.99878326575786E-26    8.04503082931563E-18    8.47229764211693E-21    6.26448141177843E-19    2.26219330058045E-25        2911.84232100103         4.0912046649597        622.770977861683        370.044405184195      0.0521288298006206        9357.49650030367        4868076.22912562       0.053962448703052        1.39211355919177 
                   2.25      0.0353535353535354      0.0399896955095856      0.0122521616234089    9.62653681148369E-17    3.29871681237034E-21    2.53903424326551E-17     4.7480777671045E-17    2.01940588690904E-25     8.0728494948962E-18    1.16233796010882E-20    7.16034421238546E-19    1.65144841913634E-25        2912.90538246071        4.11242633098052        621.444736043836        366.802001347609      0.0522418569001573        9357.82081387945         4869810.2512774      0.0545562054197611        1.39244465626663 
                   2.25      0.0388888888888889      0.0400453832242345       0.012269224836939    9.61680869064911E-17    3.46077769703335E-21    2.52855569790275E-17    4.73916968605101E-17    5.39231382427499E-21    8.04294425192495E-18    1.16233796010882E-20    7.59481688560262E-19    1.30640480290934E-25        2913.58361859386        4.13051764743204        620.602421082455         364.45728413655      0.0523146086447857        9358.15390994532        4870919.23536194      0.0549369836137762        1.39267934206602 
                   2.25      0.0424242424242424      0.0400820727020017      0.0122804667482754    9.58250130392992E-17    3.50807545936609E-21     2.5138870260456E-17    4.71900504788536E-17    1.16368147368367E-20     7.9132920069277E-18    1.16233796010882E-20    7.75528256484731E-19    1.12874530193796E-25        2914.02614137921        4.14655079892156        620.056825722902        362.655375797917      0.0523625399749728        9358.49556166205        4871646.07811111      0.0551847533242857         1.3928566625254 
                   2.25       0.045959595959596       0.040106960591174      0.0122880920001252     9.5205883682139E-17    3.51838147433149E-21    2.49413508036347E-17     4.6856652484463E-17    1.22121670592875E-20    7.72759039426106E-18    1.16233796010882E-20    7.81662892258974E-19    1.04466072193915E-25        2914.32263383725         4.1612487534442        619.695099903486        361.183984564742      0.0523950513440693         9358.8443616054        4872136.66000486      0.0553491612944261        1.39299959848858 
                   2.25      0.0494949494949495      0.0401232039812179      0.0122930687659555    9.42377095787208E-17    3.51664672371369E-21    2.46802299313681E-17    4.63618537505969E-17    1.22121820372759E-20    7.58154832586924E-18    1.16233796010882E-20    7.83724515306432E-19     1.0132789839637E-25        2914.51239809933        4.17499224735528         619.46794411457        359.948728767602      0.0524162708092057        9359.20216139727        4872452.61315548        0.05545196518229        1.39311754334896 
                   2.25       0.053030303030303       0.040134126049842      0.0122964108369027    9.29226991051198E-17    3.51305440238903E-21    2.43549669219536E-17    4.57082010896344E-17    1.27873099445681E-20    7.45751126054452E-18    1.16233796010882E-20    7.84487247963516E-19     1.0085600579454E-25         2914.6349922552        4.18807348382197        619.323555116266        358.855238960959      0.0524305376595447        9359.56745219213        4872657.25309812       0.055516619074321        1.39322169798261 
                   2.25      0.0565656565656566      0.0401427093280908      0.0122990385375179     9.1458862911382E-17    3.50942509804943E-21    2.39986209355507E-17    4.49857924216062E-17    9.74109222219298E-21    7.32141943985254E-18    1.16233796010882E-20    7.84850052278665E-19    1.01545633758374E-25        2914.72755699869        4.20089839331072        619.215588780609        357.822668855142       0.052441750089561        9359.93750481006        4872811.64826397      0.0555644414023955        1.39331930237898 
                   2.25      0.0601010101010101      0.0401488412083329      0.0123009209636822    8.98428089378434E-17    3.50639355905303E-21    2.36074876837904E-17    4.41924085107474E-17    2.68295104344712E-21    7.15125972589994E-18    1.16233796010882E-20    7.84932794999074E-19     1.0337950006739E-25        2914.78818418111        4.21350367532277        619.145882344093        356.851763069122      0.0524497638305046         9360.3146088494        4872912.43702658      0.0555945443880625        1.39340977645116 
                   2.25      0.0636363636363636       0.040153604695886      0.0123023810284374    8.82831812632344E-17    3.50410268723266E-21    2.32157392371664E-17    4.34230085027951E-17    2.77602369463034E-26    6.98691812706982E-18    1.16233796010882E-20    7.84944711255036E-19    1.05062248095304E-25        2914.82980910544        4.22598883253162        619.097755616325        355.913999661227      0.0524559878198058        9360.69777427966        4872980.03338601      0.0556146021339079        1.39349658833965 
                   2.25      0.0671717171717172      0.0401577504560861      0.0123036509156007    8.67463608167532E-17    3.50215743051101E-21     2.2823439653795E-17    4.26631451382007E-17    2.10770907619153E-27    6.82535641242797E-18    1.16233796010882E-20    7.84926263468037E-19    1.06651752510969E-25        2914.86285377578        4.23846398958414        619.059461021325        354.990212023165      0.0524614036470544        9361.08493793169        4873032.84128504      0.0556300784437279        1.39358178574537 
                   2.25      0.0707070707070707      0.0401609958864209      0.0123046459634827    8.53890211729342E-17    3.50087757780728E-21    2.24626345551828E-17    4.19850015372481E-17    1.43270445354513E-28    6.69503746987821E-18    1.16233796010882E-20    7.84888562521663E-19    1.07328903452645E-25        2914.88320978937        4.25145917587061        619.036584179021        354.083659472677      0.0524656384163855        9361.49505751499        4873063.07020703      0.0556382679583827        1.39366416431369 
                   2.25      0.0742424242424242      0.0401641100642002      0.0123056009913618    8.40567463180024E-17    3.49969860464702E-21    2.21061300339379E-17    4.13182350163168E-17     1.8740919298919E-28    6.56813738695982E-18    1.16233796010882E-20    7.84848354867396E-19    1.07884941269567E-25        2914.90168934007        4.26454795691824        619.016003805089        353.179046567254      0.0524697010259865        9361.90927352599        4873089.98135684      0.0556453670470426        1.39374616945971 
                   2.25      0.0777777777777778      0.0401667395051202      0.0123064077069725    8.28600773115648E-17    3.49906435756079E-21    2.17813895819949E-17     4.0713791325352E-17    5.28863100053178E-25     6.4016817558808E-18    1.16233796010882E-20     7.8481835438136E-19    1.08134808873863E-25        2914.91356024221        4.27956676312634        619.005711063103        352.279089161235      0.0524731398499987        9362.36619621173        4873108.90883364      0.0556474516905361        1.39382684455539 
                   2.25      0.0813131313131313      0.0401692893586824       0.012307190086482    8.16848130520269E-17    3.49852470590713E-21    2.14615366206395E-17    4.01192058056408E-17      1.223483443027E-24    6.22850656009552E-18    1.16233796010882E-20    7.84790431268128E-19    1.08359258779963E-25        2914.92432010153        4.29491504540818        618.997174542054        351.379076335859      0.0524764771090631        9362.83128564151        4873126.44784352      0.0556486746820607        1.39390731404705 
                   2.25      0.0848484848484848      0.0401715228689205      0.0123078742302523    8.05698831901881E-17    3.49829474938552E-21    2.11565842869252E-17    3.95520962383904E-17    6.08866306676926E-22    6.02390167164675E-18    1.16233796010882E-20    7.84788669343951E-19    1.08435419717033E-25        2914.93292549323        4.31022616220537        618.992569368776        350.477370803949      0.0524793967853113        9363.28247622915        4873142.11837812      0.0556481257541682        1.39398681289544 
                   2.25      0.0883838383838384      0.0401735570909182      0.0123084968507334    7.94895800780842E-17    3.49826105869093E-21    2.08600729795008E-17    3.90007931715541E-17    6.58936405108526E-22    5.80387676320882E-18    1.16233796010882E-20    7.84803163245109E-19    1.08458410342033E-25        2914.94027668041        4.32549256477571        618.990483221064        349.573112693547      0.0524820540067435        9363.72553426707        4873156.76671131      0.0556464371376962        1.39406578072644 
                   2.25      0.0919191919191919      0.0401754317308245      0.0123090705727962    7.84165491527698E-17    3.49826399586943E-21    2.05654489018062E-17    3.84528000942995E-17    1.68281864988413E-21    5.58148621210258E-18    1.16233796010882E-20    7.84833009944854E-19    1.08370742836264E-25        2914.94745332842        4.33879002299296        618.987757779709         348.66696215442      0.0524845035546024        9364.12168454864        4873170.33733501      0.0556453319337367        1.39414473991903 
                   2.25      0.0954545454545454      0.0401764765369034      0.0123093891881808    7.73802257062357E-17    3.49851290152407E-21    2.02801177077325E-17    3.79214906808832E-17    1.90307557174162E-21    5.36108928315295E-18    1.16233796010882E-20    7.84941765808997E-19    1.07825332028273E-25        2914.95367378258        4.34277166576281        618.982905102367        347.746787215966      0.0524858699056316         9364.2918517839        4873179.20356844      0.0556465808984625        1.39422385456637 
                   2.25       0.098989898989899      0.0401775147510037      0.0123097056583309    7.63441289838409E-17    3.49876509111921E-21    1.99948380969336E-17    3.73902804971326E-17     1.9478565341035E-21    5.14119198515949E-18    1.16233796010882E-20    7.85051282709406E-19    1.07278882564111E-25        2914.95987561554        4.34669556098193        618.978051493964        346.826365546573      0.0524872276757231        9364.46046973507        4873188.03929289      0.0556478399216382        1.39430298376152 
                   2.25       0.102525252525253      0.0401776299455234       0.012309740798537    7.53101581469351E-17    3.49910547479555E-21    1.97102797048407E-17    3.68601148229274E-17    1.95230292479989E-21     4.9158422538473E-18    1.16233796010882E-20    7.85269028263574E-19    1.06390400782613E-25        2914.96679752135        4.33717866124754        618.965144494005        345.898850247003      0.0524873769324037        9364.29199610425        4873190.10208756      0.0556548451235325        1.39438182628274 
                   2.25       0.106060606060606      0.0401765503626291      0.0123094110293943    7.42820043451704E-17     3.4995847014113E-21    1.94273233185646E-17    3.63326182594015E-17    1.91169484708648E-21    4.69059435709074E-18    1.16233796010882E-20    7.85629152669682E-19    1.05090469676014E-25        2914.97452326472         4.3105397771237         618.94212991112        344.960202923739      0.0524859610656424        9363.69182782971        4873183.44005707      0.0556691191948345        1.39446044969904 
                   2.25        0.10959595959596      0.0401754707797348      0.0123090812602516    7.32538505434056E-17    3.50006392802706E-21    1.91443669322886E-17    3.58051216958755E-17    1.87108676937308E-21    4.46534646033419E-18    1.16233796010882E-20    7.85989277075791E-19    1.03790538569414E-25         2914.9822490081        4.28390089299987        618.919115328235        344.021555600475       0.052484545198881        9363.09165955518        4873176.77802657      0.0556833932661365        1.39453907311534 
                   2.25       0.113131313131313        0.04017071740446      0.0123076251707221    7.22105274471102E-17    3.50038379030763E-21    1.88578592306921E-17    3.52706856751371E-17    6.81850483505774E-22    4.25674578371392E-18    1.16233796010882E-20    7.86623505347771E-19    1.02122200431682E-25        2914.99217610867         4.2087374911241         618.86810752262        343.087729315705       0.052478333643407        9361.21238354915        4873149.02069951      0.0557183953999283        1.39461648734125 
                   2.25       0.116666666666667      0.0401610887183663      0.0123046748698962    7.11538100682444E-17    3.50053631620902E-21    1.85682338230783E-17    3.47300604227689E-17     6.4472579564085E-22      4.070516851543E-18    1.16233796010882E-20    7.87630210380954E-19    1.00000279131111E-25        2915.00512626033        4.06918765016294        618.780105355652        342.157958093235      0.0524657577440442        9357.63784736915        4873093.26441018      0.0557808269203253          1.394692438992 
                   2.25        0.12020202020202      0.0401514600322726      0.0123017245690704    7.00970926893785E-17    3.50068884211041E-21    1.82786084154646E-17    3.41894351704008E-17    6.07601107775925E-22    3.88428791937208E-18    1.16233796010882E-20    7.88636915414136E-19     9.7878357830541E-26        2915.01807641199        3.92963780920179        618.692103188685        341.228186870766      0.0524531818446815        9354.06331118914        4873037.50812084      0.0558432584407223        1.39476839064275 
                   2.25       0.123737373737374       0.040137434287055      0.0122974272912945    6.90258913267155E-17    3.49998167800762E-21    1.79854061644399E-17    3.36420220888817E-17    1.00909296891523E-24    3.69987226678856E-18    1.16233796010882E-20    7.89767203368573E-19    9.56848085251003E-26        2915.03423537774        3.73485462821694        618.575677980387        340.306479033712      0.0524348604800847        9349.03755187626        4872962.41541359      0.0559281067883809        1.39484341158956 
                   2.25       0.127272727272727      0.0400944889363098      0.0122842705823054    6.78815200662692E-17     3.4938520946123E-21    1.76741548205501E-17    3.30602330285928E-17    7.33504950978731E-25    3.52276653531094E-18    1.16233796010882E-20    7.91769674672745E-19    9.30608816343641E-26        2915.07135053009        3.17619378553853        618.271732615047        339.432689418545       0.052378756452221        9334.45785835063        4872759.12638602      0.0561606821047582        1.39491250991384 
                   2.25       0.130808080808081      0.0400508472491849      0.0122709005475042    6.67376426544377E-17    3.48755219757562E-21    1.73630361235474E-17    3.24786862519037E-17    4.25170264572178E-25    3.34414914777403E-18    1.16233796010882E-20    7.93782554334383E-19    9.04419633962601E-26        2915.10896505042        2.60882504275197        617.963426697029          338.5596247787      0.0523217421906842        9319.65065276614        4872552.97378261       0.056396765336748        1.39498148980543 
                   2.25       0.134343434343434        0.04000720556206       0.012257530512703    6.55937652426061E-17    3.48125230053894E-21    1.70519174265447E-17    3.18971394752147E-17    1.16835578165631E-25    3.16553176023712E-18    1.16233796010882E-20     7.9579543399602E-19    8.78230451581562E-26        2915.14657957076        2.04145629996541        617.655120779012        337.686560138855      0.0522647279291473        9304.84344718164         4872346.8211792      0.0566328485687378        1.39505046969702 
                   2.25       0.137878787878788      0.0399210214038182      0.0122311249939653    6.43831257504276E-17    3.46250502474501E-21    1.67241684647272E-17    3.12842584281657E-17    1.58373730081541E-26    2.98661870816759E-18    1.16233796010882E-20    7.97930794617438E-19    8.51296111516317E-26        2915.21879039846       0.941380656590588        617.078910315222         336.86218756199      0.0521521384704108        9276.20299587924        4871975.86347219      0.0570968155553762        1.39511499820945 
                   2.25       0.141414141414141      0.0397804950603639      0.0121880689712333    6.31056567927288E-17    3.42758927869481E-21    1.63800072255714E-17    3.06404030234532E-17    1.92899242646665E-26    2.79862228896724E-18    1.16233796010882E-20    8.00155689146681E-19    8.23873739091453E-26        2915.33522572589       -0.83963213938917        616.160227751176        336.097015309354      0.0519685577126874         9229.8941422905        4871394.82649173      0.0578527903343847         1.3951739690529 
                   2.25       0.144949494949495      0.0396399687169095      0.0121450129485014      6.182818783503E-17    3.39267353264462E-21    1.60358459864156E-17    2.99965476187408E-17    2.27424755211789E-26     2.6106258697669E-18    1.16233796010882E-20    8.02380583675924E-19    7.96451366666589E-26        2915.45166105332       -2.62064493536892        615.241545187129        335.331843056718       0.051784976954964        9183.58528870176        4870813.78951128      0.0586087651133932        1.39523293989634 
                   2.25       0.148484848484848      0.0394994423734552      0.0121019569257694    6.05507188773312E-17    3.35775778659442E-21    1.56916847472597E-17    2.93526922140283E-17    2.61950267776913E-26    2.42262945056656E-18    1.16233796010882E-20    8.04605478205167E-19    7.69028994241725E-26        2915.56809638075       -4.40165773134866        614.322862623083        334.566670804081      0.0516013961972405        9137.27643511303        4870232.75253083      0.0593647398924017        1.39529191073979 
                   2.25       0.152020202020202      0.0392919877424616       0.012038395806897    5.92056260187323E-17    3.29845002653046E-21    1.53308311851828E-17    2.86775382579242E-17    2.68650061010297E-26    2.24473379564578E-18    1.16233796010882E-20    8.05445307241731E-19    7.42403669178752E-26        2915.74960132847       -7.05296398499274          612.9593241921        333.853131352635      0.0513303811728511        9069.39196637806        4869420.32187195       0.060572453667039        1.39534624292941 
                   2.25       0.155555555555556      0.0389766332785563      0.0119417767963209    5.77741478353286E-17    3.19933542895402E-21    1.49493829167585E-17    2.79637452166552E-17    2.38690026147712E-26    2.08081358276298E-18    1.16233796010882E-20    8.03885722478691E-19    7.16701763551034E-26        2916.03606362453       -11.1086668268373        610.877296797723          333.2194694743      0.0509184083138412        8966.71652408966        4868234.06059219      0.0625115431094401        1.39539335572383 
                   2.25       0.159090909090909      0.0386610797728422      0.0118450967988893    5.63426688035739E-17    3.10013873272458E-21    1.45679424473123E-17    2.72499667260678E-17    2.08732812009701E-26    1.91696682683478E-18    1.16233796010882E-20    8.02318206365493E-19    6.90995587304789E-26        2916.32273486589       -15.1670288166559        608.793889026005        332.585911043321      0.0505061754344012        8863.97703919996        4867047.13090847      0.0644521651526889        1.39544045797858 
                   2.25       0.162626262626263      0.0383455262671281      0.0117484168014577    5.49111897718193E-17    3.00094203649514E-21    1.41865019778662E-17    2.65361882354804E-17    1.78775597871689E-26    1.75312007090658E-18    1.16233796010882E-20    8.00750690252294E-19    6.65289411058545E-26        2916.60940610725       -19.2253908064745        606.710481254286        331.952352612342      0.0500939425549612        8761.23755431025        4865860.20122474      0.0663927871959378        1.39548756023332 
                   2.25       0.166161616161616       0.038035004400552      0.0116532785095149    5.34797321857897E-17    2.90382073738084E-21    1.38048643556511E-17    2.58220419137329E-17    1.48747077769095E-26    1.58741637401644E-18    1.16233796010882E-20    7.99383673180655E-19    6.39691193092289E-26        2916.89079535579       -23.2165313763005        604.661968466167         331.31617910382      0.0496882828119951        8660.11702204817         4864690.1683305      0.0682946661506953        1.39553492892382 
                   2.25        0.16969696969697      0.0375357172234956      0.0115003052246581    5.19009531085049E-17    2.73167891352804E-21    1.33923380187994E-17    2.50501268605714E-17    1.19506236949921E-26    1.46283235152873E-18    1.16233816213878E-20    7.84524808550434E-19    6.17769545496629E-26        2917.40820399999       -29.9773358376042        601.143034535521        330.794666358743      0.0490360220037701        8499.19415992007        4862954.78554571      0.0723841263530641        1.39557299393154 
                   2.25       0.173232323232323      0.0370198421069728      0.0113422497361329    5.03150294744998E-17    2.55349250949704E-21    1.29786049138904E-17    2.42759563079135E-17     9.0399339240767E-27    1.34109209024457E-18      1.162338374242E-20    7.68473630623894E-19    5.95860451806396E-26        2917.94727155001       -36.9880501391655        597.489720197369        330.282109620254      0.0483620908344028        8333.02032513514        4861170.11020988      0.0766884815531102        1.39561036240279 
                   2.25       0.176767676767677        0.03650396699045      0.0111841942476078    4.87291058404946E-17    2.37530610546605E-21    1.25648718089814E-17    2.35017857552556E-17    6.12924415316129E-27    1.21935182896041E-18    1.16233858634522E-20    7.52422452697354E-19    5.73951358116164E-26        2918.48633910002       -43.9987644407268        593.836405859216        329.769552881765      0.0476881596650356        8166.84649035022        4859385.43487404      0.0809928367531562        1.39564773087405 
                   2.25        0.18030303030303      0.0359880918739272      0.0110261387590826    4.71431822064895E-17    2.19711970143506E-21    1.21511387040724E-17    2.27276152025977E-17    3.21855438224589E-27    1.09761156767625E-18    1.16233879844844E-20    7.36371274770814E-19    5.52042264425931E-26        2919.02540665003       -51.0094787422881        590.183091521064        329.256996143276      0.0470142284956683         8000.6726555653         4857600.7595382      0.0852971919532022         1.3956850993453 
                   2.25       0.183838383838384      0.0354784854393524      0.0108700038016914    4.55569594521429E-17    2.02093270242458E-21    1.17370977664144E-17    2.19528677252385E-17    3.03543307448219E-28    9.75318109076427E-19    1.16218318349935E-20    7.20753006044274E-19    5.30294460026023E-26        2919.55583370623       -57.9226159720742        586.583115515189        328.741698974425      0.0463484867279791        7836.48243373707        4855834.59296597      0.0895105435936956         1.3957226577464 
                   2.25       0.187373737373737      0.0348157457603903      0.0106669519602033    4.39046292571168E-17    1.81175696767892E-21    1.13218940207111E-17    2.11760922911072E-17    2.48183911928955E-28    9.02151650822827E-19    1.05597647195781E-20    6.72243475017995E-19    5.12495008629468E-26        2920.38076207098       -67.8584086431545        581.275070772965        328.340179387001      0.0454826962287044        7626.21696535297        4853776.25713642      0.0988244557344112        1.39575110130197 
                   2.25       0.190909090909091      0.0341475769424548      0.0104622365450793    4.22594924463673E-17    1.60437851340871E-21    1.09084703888829E-17    2.04026489760545E-17    1.93054520478282E-28    8.29512954258905E-19     9.4976976041628E-21    6.23851182258532E-19     4.9446290283504E-26        2921.21735374733       -77.9123644409477        575.899709365106          327.9420108711      0.0446098130168206        7414.34872907132        4851709.94253036       0.108393839283723        1.39577924762494 
                   2.25       0.194444444444444      0.0334794081245193      0.0102575211299554    4.06143556356177E-17    1.39700005913849E-21    1.04950467570546E-17    1.96292056610017E-17    1.37925129027608E-28    7.56874257694983E-19    8.43563048874746E-21    5.75458889499069E-19    4.76430797040612E-26        2922.05394542369        -87.966320238741        570.524347957248        327.543842355199      0.0437369298049367        7202.48049278966         4849643.6279243       0.117963222833034        1.39580739394791 
                   2.25       0.197979797979798      0.0328112393065838      0.0100528057148314    3.89692188248681E-17    1.18962160486828E-21    1.00816231252264E-17     1.8855762345949E-17    8.27957375769356E-29    6.84235561131061E-19    7.37356337333213E-21    5.27066596739606E-19    4.58398691246184E-26        2922.89053710004       -98.0202760365341        565.148986549389        327.145673839298      0.0428640465930529          6990.612256508        4847577.31331823       0.127532606382345        1.39583554027089 
                   2.25       0.201515151515152      0.0321438327765058     0.00984832387670535    3.73230720142797E-17    9.81990800254929E-22    9.66794955336194E-18    1.80818511788251E-17    2.76340519983141E-29    6.11522763253901E-19    6.31149625791678E-21    4.78657842933987E-19    4.40399251703873E-26        2923.72549116851       -108.057640931583        559.783076856999        326.747034810275      0.0419921592460244        6778.96905968704         4845512.1189864       0.137066120016804        1.39586372832733 
                   2.25       0.205050505050505      0.0314484812664095     0.00963528014881318    3.57930079730495E-17    8.22168473358157E-22    9.28073186897743E-18    1.73574847345787E-17    1.36057904770358E-30    5.50477441105387E-19    5.30296577815099E-21    4.37913310835821E-19    4.24568758905415E-26        2924.70165901404       -119.390807553008        553.622757127439        326.405862845441      0.0410837644070715        6561.16506192258        4843571.59227553        0.15363392452824        1.39588773295911 
                   2.25       0.208585858585859       0.030715146822044     0.00941059884066129    3.43948247093835E-17    7.12336452108527E-22     8.9237982103185E-18    1.66898242673778E-17    1.11694950718255E-30    5.03159259531079E-19     4.3420245216966E-21    4.05549712867295E-19    4.09928407241098E-26        2925.84231821707       -132.250727187778        546.535516637306         326.12678327328      0.0401257486429428         6334.2928655627        4841749.37602921       0.178192284584735        1.39590710715227 
                   2.25       0.212121212121212      0.0299814064800715     0.00918579317505964    3.29980992006209E-17    6.02895053817127E-22    8.56719809281278E-18    1.60227879858034E-17    8.73721185660323E-31    4.56050020890449E-19    3.38108326527922E-21    3.73299620260631E-19    3.95256417200368E-26        2926.98472458603       -145.126728063782        539.438529000694         325.84819052577      0.0391672026353687        6107.32433156956         4839928.7493995       0.202861024545867        1.39592644344603 
                   2.25       0.215656565656566       0.029247666138099     0.00896098750945799    3.16013736918584E-17     4.9345365552573E-22    8.21059797530707E-18    1.53557517042289E-17    6.30492864138097E-31     4.0894078224982E-19    2.42014200886186E-21    3.41049527653967E-19    3.80584427159638E-26        2928.12713095498       -158.002728939786        532.341541364081         325.56959777826      0.0382086566277945        5880.35579757643        4838108.12276978       0.227529764506999        1.39594577973978 
                   2.25       0.219191919191919      0.0285139257961265     0.00873618184385634    3.02046481830959E-17     3.8401225723433E-22    7.85399785780135E-18    1.46887154226545E-17    3.87264542615867E-31    3.61831543609191E-19    1.45920075244448E-21    3.08799435047303E-19    3.65912437118908E-26        2929.26953732393        -170.87872981579        525.244553727469        325.291005030749      0.0372501106202204        5653.38726358329        4836287.49614007       0.252198504468131        1.39596511603354 
                   2.25       0.222727272727273      0.0277806499963147       0.008511518503012    2.88062543013226E-17    2.74123798329862E-22     7.4970160087325E-18    1.40209647723956E-17     1.4357703351186E-31     3.1448317371921E-19    4.98259495984736E-22    2.76419437693384E-19     3.5127665660365E-26        2930.40994409442       -183.736326014307        518.158721516284        325.011855121602      0.0362921714662753         5426.5289861956        4834465.05022411       0.276740916708893        1.39598449570246 
                   2.25       0.226262626262626      0.0270685015107803     0.00829332831555476    2.75720684089851E-17    2.08133377846594E-22    7.17426839634119E-18    1.34172433149306E-17     1.4590590677134E-32    2.75615355838512E-19    2.00212464856734E-28    2.63288872822413E-19    3.39202005833569E-26         2931.6473879526       -197.267860025156        510.558113538898        324.782077013283      0.0353618325960389         5209.9452361916        4833037.71715183       0.323778778860571        1.39600039823518 
                   2.25        0.22979797979798       0.026375045867617     0.00808086546727794    2.65463726370926E-17     1.9560529487023E-22    6.89582489683288E-18    1.28963893921767E-17    1.44847686937897E-32    2.49663109699865E-19    1.67957621989308E-28    2.73087580061732E-19     3.2934762010793E-26        2933.02470581506       -211.826531854544        502.208824568347        324.616485714454      0.0344559134359793        5004.02776102235        4832105.27486952       0.400608690674344        1.39601169920697 
                   2.25       0.233333333333333      0.0256818748453997     0.00786848982747373    2.55235819391055E-17    1.83328201208307E-22    6.61809082789448E-18    1.23768622802557E-17    1.44074884548485E-32    2.23953783693506E-19    1.35619722447503E-28     2.8305151721148E-19    3.19464503204418E-26        2934.40491568224        -226.40625181041        493.844098626294        324.451967393766      0.0335503660076513        4798.30778894791        4831184.02092379       0.478387534036109        1.39602291681916 
                   2.25       0.236868686868687      0.0249887038231823     0.00765611418766952    2.45007912411185E-17    1.71051107546384E-22    6.34035675895608E-18    1.18573351683347E-17    1.43302082159073E-32    1.98244457687146E-19    1.03281822905698E-28    2.93015454361227E-19    3.09581386300906E-26        2935.78512554942       -240.985971766276        485.479372684241        324.287449073078      0.0326448185793233        4592.58781687347        4830262.76697806       0.556166377397875        1.39603413443135 
                   2.25        0.24040404040404       0.024295532800965     0.00744373854786532    2.34780005431314E-17    1.58774013884461E-22    6.06262269001768E-18    1.13378080564137E-17     1.4252927976966E-32    1.72535131680787E-19    7.09439233638935E-29    3.02979391510974E-19    2.99698269397394E-26         2937.1653354166       -255.565691722141        477.114646742188         324.12293075239      0.0317392711509953        4386.86784479903        4829341.51303233       0.633945220759639        1.39604535204353 
                   2.25       0.243939393939394      0.0236023617787477     0.00723136290806111    2.24552098451444E-17    1.46496920222538E-22    5.78488862107927E-18    1.08182809444926E-17    1.41756477380248E-32    1.46825805674428E-19    3.86060238220884E-29    3.12943328660721E-19    2.89815152493881E-26        2938.54554528378       -270.145411678007        468.749920800135        323.958412431702      0.0308337237226673        4181.14787272459        4828420.25908661       0.711724064121405        1.39605656965572 
                   2.25       0.247474747474747      0.0229084820083092     0.00701877010627106    2.14251850837754E-17    1.33594826072523E-22    5.50538796517103E-18    1.02954498775007E-17    1.40272943371737E-32    1.20511572636129E-19    6.47494767490444E-30    3.22495818913238E-19    2.80003580469617E-26        2939.91855363177       -284.672718688122        460.423635198638        323.791222236863      0.0299272506273874        3974.93608875397        4827471.14452921       0.787139927680699        1.39606799484564 
                   2.25       0.251010101010101       0.022337178061427     0.00684373225781382    2.06107939201627E-17    1.30753757373167E-22    5.28353567630662E-18    9.88046200639391E-18    1.42867255479075E-32    1.07046718583407E-19    7.78258367918291E-32    3.32945161648135E-19    2.75221653322002E-26        2941.27045615941       -298.241694245954        452.447461775451        323.692690151753      0.0291809086342989        3813.30662124264        4827558.95090486       0.974443037110792        1.39607472301642 
                   2.25       0.254545454545455      0.0218050491952643     0.00668069689984395    1.98663527302363E-17    1.30777445208225E-22    5.08044559576045E-18    9.50057264915895E-18    1.46619728411086E-32    9.76819078408752E-20    1.69649739784694E-31    3.43513156112275E-19     2.7171017231091E-26        2942.61458845632       -311.495309110077        444.591426703128        323.616038854543      0.0284857446622909        3665.94089203052        4827984.92366018        1.20186987388266        1.39608001561583 
                   2.25       0.258080808080808      0.0212729203291015     0.00651766154187409    1.91219115403099E-17    1.30801133043282E-22    4.87735551521428E-18    9.12068329192398E-18    1.50372201343097E-32    8.83170970983431E-20    2.61473642777559E-31    3.54081150576414E-19    2.68198691299818E-26        2943.95872075323       -324.748923974199        436.735391630805        323.539387557334      0.0277905806902829        3518.57516281841        4828410.89641551        1.42929671065454        1.39608530821523 
                   2.25       0.261616161616162      0.0207407914629388     0.00635462618390422    1.83774703503836E-17     1.3082482087834E-22    4.67426543466811E-18    8.74079393468902E-18    1.54124674275109E-32     7.8952286355811E-20    3.53297545770424E-31    3.64649145040554E-19    2.64687210288725E-26        2945.30285305015       -338.002538838322        428.879356558482        323.462736260125      0.0270954167182748        3371.20943360629        4828836.86917083        1.65672354742641        1.39609060081464 
                   2.25       0.265151515151515       0.020208662596776     0.00619159082593436    1.76330291604572E-17    1.30848508713397E-22    4.47117535412195E-18    8.36090457745406E-18     1.5787714720712E-32    6.95874756132791E-20    4.45121448763288E-31    3.75217139504694E-19    2.61175729277633E-26        2946.64698534706       -351.256153702444        421.023321486159        323.386084962916      0.0264002527462668        3223.84370439418        4829262.84192615        1.88415038419828        1.39609589341404 
                   2.25       0.268686868686869      0.0196765337306133     0.00602855546796449    1.68885879705308E-17    1.30872196548455E-22    4.26808527357578E-18     7.9810152202191E-18    1.61629620139131E-32    6.02226648707472E-20    5.36945351756152E-31    3.85785133968833E-19    2.57664248266541E-26        2947.99111764397       -364.509768566567        413.167286413837        323.309433665706      0.0257050887742588        3076.47797518206        4829688.81468148        2.11157722097015        1.39610118601345 
                   2.25       0.272222222222222      0.0191431629817983     0.00586513962506233     1.6142076418519E-17     1.3087646993314E-22    4.06442404979686E-18    7.60005739600404E-18    1.65396053778677E-32    5.07534999236327E-20    6.28818889063598E-31    3.96389857037242E-19     2.5415097290388E-26        2949.33596950659       -377.777249755611        405.304497458605        323.232202922301      0.0250083023646426        2928.66904244297        4830104.22111854        2.33725303348995        1.39610650729452 
                   2.25       0.275757575757576      0.0186903391250654     0.00572640195405882    1.54861794764663E-17    1.30748786396919E-22    3.88653937436037E-18    7.26732422711522E-18    1.67885477957704E-32    4.35506998796036E-20    1.45669398234735E-22    4.03773372991483E-19    2.52104925426605E-26        2950.53873950554       -389.425553475679        398.409889033126        323.172938119873      0.0244167404498179        2805.90763534343        4830832.86961997        2.63278112807639        1.39611054865764 
                   2.25       0.279292929292929      0.0183696312575678     0.00562814228564987     1.4985190739216E-17    1.30595426885821E-22    3.75245001732812E-18    7.01652517703298E-18    1.68388671770924E-32    4.06274091160833E-20    7.12503035377689E-22    4.06130779404338E-19    2.52232618516499E-26        2951.51895927161       -398.495824729012        393.047288124969        323.145492432286      0.0239977720161384        2724.64200887041        4832118.03922843        3.04967559819739        1.39611242711447 
                   2.25       0.282828282828283      0.0180527541594042     0.00553105630272501    1.44889865551035E-17    1.30444556035523E-22     3.6196374033369E-18    6.76811420594612E-18    1.68872918662927E-32    3.78023470602668E-20    1.42425846064509E-21    4.08438083729072E-19    2.52388865788556E-26        2952.49124639268       -407.479262285191        387.738836803198        323.118791761915      0.0235838078514864        2644.52552617478        4833414.75438468        3.47071536808361        1.39611425206361 
                   2.25       0.286363636363636      0.0177358770612406     0.00543397031980015     1.3992782370991E-17    1.30293685185226E-22    3.48682478934569E-18    6.51970323485927E-18    1.69357165554929E-32    3.49772850044503E-20    2.13601388591249E-21    4.10745388053805E-19    2.52545113060613E-26        2953.46353351374        -416.46269984137        382.430385481428        323.092091091545      0.0231698436868344        2564.40904347915        4834711.46954093        3.89175513796983        1.39611607701276 
                   2.25        0.28989898989899       0.017418999963077     0.00533688433687529    1.34965781868784E-17    1.30142814334928E-22    3.35401217535448E-18    6.27129226377241E-18    1.69841412446932E-32    3.21522229486339E-20    2.84776931117989E-21    4.13052692378538E-19     2.5270136033267E-26         2954.4358206348       -425.446137397549        377.121934159657        323.065390421174      0.0227558795221824        2484.29256078353        4836008.18469718        4.31279490785604        1.39611790196191 
                   2.25       0.293434343434343      0.0171021228649134     0.00523979835395043    1.30003740027659E-17     1.2999194348463E-22    3.22119956136327E-18    6.02288129268556E-18    1.70325659338934E-32    2.93271608928175E-20    3.55952473644728E-21    4.15359996703271E-19    2.52857607604728E-26        2955.40810775587       -434.429574953728        371.813482837887        323.038689750804      0.0223419153575304         2404.1760780879        4837304.89985343        4.73383467774226        1.39611972691105 
                   2.25       0.296969696969697      0.0167852457667498     0.00514271237102558    1.25041698186534E-17    1.29841072634333E-22    3.08838694737206E-18     5.7744703215987E-18    1.70809906230937E-32     2.6502098837001E-20    4.27128016171468E-21    4.17667301028004E-19    2.53013854876785E-26        2956.38039487693       -443.413012509907        366.505031516116        323.011989080433      0.0219279511928784        2324.05959539227        4838601.61500968        5.15487444762848         1.3961215518602 
                   2.25        0.30050505050505      0.0164677983683902     0.00504545165738652    1.20072533411725E-17    1.29689831288289E-22     2.9553842601232E-18    5.52570382873528E-18    1.71296973818195E-32    2.36624131256272E-20    4.96146056719592E-21    4.19982064228015E-19    2.53165851186629E-26        2957.35386295895       -452.409377306072        361.188518753669        322.985177496711      0.0215132420249754        2243.77203559322        4839896.61133935        5.57529709205957        1.39612338477523 
                   2.25       0.304040404040404      0.0161830419155973     0.00495820699482062    1.15432500829911E-17    1.29625456911285E-22    2.83125131479433E-18     5.2935273932424E-18    1.71791421313458E-32    2.11200392505041E-20    5.30906773235366E-21    4.22171219703173E-19    2.53278109285517E-26        2958.23559974334       -460.508891752378        356.430171953484        322.961769050263      0.0211412405928345        2172.31156483133        4841147.03307475        5.99142428364379        1.39612498613884 
                   2.25       0.307575757575758      0.0160290446352488     0.00491102511708723    1.12171174360863E-17    1.29814127034307E-22    2.74424938022059E-18    5.13080214897199E-18    1.72125852929271E-32    2.02199266820217E-20    5.74105288987202E-21    4.23488900464613E-19    2.53508695486736E-26        2958.77016596828       -465.148434874929        353.825925826453        322.954427988184      0.0209400623177029        2136.95888276603        4842336.24858812        6.42262478679631        1.39612547004987 
                   2.25       0.311111111111111       0.015879181789803     0.00486511008249961    1.08943655424695E-17    1.29937712288141E-22    2.65828715227974E-18    4.97002281199256E-18    1.72368712827095E-32    1.93577746476703E-20    6.38503831464351E-21    4.24566586546692E-19    2.53811369963396E-26        2959.29239756735       -469.668474620382        351.296008065876        322.947482123956      0.0207442857792578        2102.68537804718        4843514.59352892        6.85143827405788        1.39612591917236 
                   2.25       0.314646464646465      0.0157293189443573     0.00481919504791199    1.05716136488527E-17    1.30061297541975E-22    2.57232492433889E-18    4.80924347501312E-18    1.72611572724918E-32    1.84956226133188E-20    7.02902373941501E-21    4.25644272628772E-19    2.54114044440056E-26        2959.81462916642       -474.188514365835        348.766090305299        322.940536259727      0.0205485092408128        2068.41187332833        4844692.93846972        7.28025176131946        1.39612636829485 
                   2.25       0.318181818181818      0.0155794560989116     0.00477328001332437    1.02488617552358E-17    1.30184882795809E-22    2.48636269639805E-18    4.64846413803369E-18    1.72854432622742E-32    1.76334705789673E-20     7.6730091641865E-21    4.26721958710852E-19    2.54416718916716E-26        2960.33686076549       -478.708554111288        346.236172544722        322.933590395499      0.0203527327023678        2034.13836860948        4845871.28341052        7.70906524858104        1.39612681741734 
                   2.25       0.321717171717172      0.0154295932534659     0.00472736497873675    9.92610986161902E-18    1.30308468049643E-22     2.4004004684572E-18    4.48768480105426E-18    1.73097292520566E-32    1.67713185446159E-20    8.31699458895801E-21    4.27799644792932E-19    2.54719393393376E-26        2960.85909236456       -483.228593856742        343.706254784145        322.926644531271      0.0201569561639227        1999.86486389062        4847049.62835131        8.13787873584262        1.39612726653983 
                   2.25       0.325252525252525      0.0152797304080201     0.00468144994414913     9.6033579680022E-18    1.30432053303476E-22    2.31443824051635E-18    4.32690546407483E-18     1.7334015241839E-32    1.59091665102644E-20    8.96098001372949E-21    4.28877330875011E-19    2.55022067870036E-26        2961.38132396363       -487.748633602195        341.176337023567        322.919698667043      0.0199611796254777        1965.59135917177        4848227.97329211        8.56669222310419        1.39612771566232 
                   2.25       0.328787878787879      0.0151298675625744      0.0046355349095615    9.28060607438538E-18     1.3055563855731E-22    2.22847601257551E-18     4.1661261270954E-18    1.73583012316213E-32    1.50470144759129E-20    9.60496543850099E-21    4.29955016957091E-19    2.55324742346696E-26         2961.9035555627       -492.268673347648         338.64641926299        322.912752802815      0.0197654030870327        1931.31785445292        4849406.31823291        8.99550571036577        1.39612816478481 
                   2.25       0.332323232323232      0.0149792384121928     0.00458938506944944    8.95722756842792E-18    1.30691287093717E-22    2.14232107817213E-18    4.00498612211732E-18    1.73842844753486E-32    1.41778265720029E-20    1.02096572584557E-20    4.31077185323137E-19    2.55614055480732E-26        2962.42807334716       -496.810862680622        336.102724965732        322.905733689867      0.0195686253531201        1896.84432749481        4850586.67800128        9.42476162376352        1.39612862035525 
                   2.25       0.335858585858586      0.0148443803018031     0.00454806700911133    8.64630361493692E-18    1.30723777246239E-22    2.05976650316521E-18    3.85058185680913E-18    1.73953444760949E-32    1.33680221020353E-20    1.05249187384328E-20    4.31770169134975E-19     2.5513478886885E-26        2962.89888146203       -500.870893747795        333.839774881886        322.899518566219      0.0193924497882776        1866.09862057881        4851661.51736943        9.81571070822845        1.39612903310036 
                   2.25       0.339393939393939      0.0147859088401853      0.0045301523748969    8.39592721565046E-18    1.30049022030739E-22    1.99507588337627E-18    3.72960252181189E-18    1.73056195773153E-32    1.29513339742928E-20    1.07515461057607E-20    4.29690295597796E-19    2.52290926023518E-26        2963.11773053855       -502.628099353041        332.939730012993        322.898065897266      0.0193160641074639        1853.88467912151        4852303.75987409        10.0568318619806        1.39612912871433 
                   2.25       0.342929292929293      0.0147299876449528     0.00451301903259591    8.14642853854013E-18    1.29262042119264E-22    1.93086700923066E-18    3.60952608491813E-18    1.72007231981777E-32    1.25419694737622E-20    1.07515461057607E-20    4.27226391392424E-19    2.49537236897743E-26        2963.32757337727        -504.30666460323        332.083913054811        322.896722712176       0.019243009803363        1842.24926943942        4852925.06190476        10.2897397549661         1.3961292243283 
                   2.25       0.346464646464646      0.0146740664497202     0.00449588569029493    7.89692986142981E-18    1.28475062207788E-22    1.86665813508505E-18    3.48944964802436E-18    1.70958268190401E-32    1.21326049732316E-20    1.07515461057607E-20    4.24762487187052E-19    2.46783547771968E-26        2963.53741621598       -505.985229853419         331.22809609663        322.895379527086       0.019169955499262        1830.61385975732        4853546.36393543        10.5226476479516        1.39612931994228 
                   2.25                    0.35      0.0146181452544877     0.00447875234799394     7.6474311843195E-18    1.27688082296313E-22    1.80244926093944E-18     3.3693732111306E-18    1.69909304399026E-32    1.17232404727009E-20    1.07515461057607E-20    4.22298582981679E-19    2.44029858646194E-26         2963.7472590547       -507.663795103608        330.372279138449        322.894036341996       0.019096901195161        1818.97845007522         4854167.6659661        10.7555555409372        1.39612941555625 
