VARIABLES = "X"
 "Y"
 "rho_N2"
 "rho_O2"
 "rho_NO"
 "rho_N"
 "rho_O"
 "rho_NOp"
 "rho_N2p"
 "rho_O2p"
 "rho_Np"
 "rho_Op"
 "rho_e"
 "U"
 "V"
 "T"
 "Tv"
 "rho"
 "P"
 "H"
 "tau"
 "gamma"
ZONE
DT=(DOUBLE,DOUBLE,DOUBLE,DOUBLE,DOUBLE,DOUBLE,DOUBLE,DOUBLE,DOUBLE,DOUBLE,DOUBLE,DOUBLE,DOUBLE,DOUBLE,DOUBLE,DOUBLE,DOUBLE,DOUBLE,DOUBLE,DOUBLE,DOUBLE,DOUBLE)
                   0.08                   0.045    0.000162321923099575    4.80865768217704E-05    5.65216971692811E-07    6.73634379528789E-08    9.98912425317633E-07                       0                       0                       0                       0                       0                       0         6119.9489685157        1119.63664564371        3458.80060963589          1319.551198629    0.000212039980166512        212.151830693974        23047310.9601193     0.00260585696335019        1.26761540634614 
                   0.08      0.0448484848484848    0.000159547008425375    4.72120776975301E-05    5.80012977528733E-07     6.8900787262804E-08     1.0254893810142E-06                       0                       0                       0                       0                       0                       0        6107.81747205458        1113.84366321979        3499.65539114323        1351.34624729766    0.000208433474581585        210.906472722478        23018981.8237536     0.00253298732502496        1.26596513370992 
                   0.08      0.0446969696969697    0.000156772093751175    4.63375785732899E-05    5.94808983364654E-07    7.04381365727291E-08    1.05206633671076E-06                       0                       0                       0                       0                       0                       0        6095.68597559345        1108.05068079588        3540.51017265057        1383.14129596632    0.000204826968996658        209.661114750983        22990652.6873879     0.00246011768669973         1.2643148610737 
                   0.08      0.0445454545454545    0.000153997179076976    4.54630794490496E-05    6.09604989200575E-07    7.19754858826543E-08    1.07864329240733E-06                       0                       0                       0                       0                       0                       0        6083.55447913232        1102.25769837197        3581.36495415791        1414.93634463498    0.000201220463411731        208.415756779487        22962323.5510222     0.00238724804837449        1.26266458843747 
                   0.08      0.0443939393939394    0.000151222264402776    4.45885803248094E-05    6.24400995036495E-07    7.35128351925793E-08    1.10522024810389E-06                       0                       0                       0                       0                       0                       0         6071.4229826712        1096.46471594805        3622.21973566525        1446.73139330364    0.000197613957826804        207.170398807992        22933994.4146565     0.00231437841004926        1.26101431580125 
                   0.08      0.0442424242424242    0.000148447349728576    4.37140812005692E-05    6.39197000872416E-07    7.50501845025045E-08    1.13179720380046E-06                       0                       0                       0                       0                       0                       0        6059.29148621007        1090.67173352414        3663.07451717259         1478.5264419723    0.000194007452241877        205.925040836496        22905665.2782908     0.00224150877172403        1.25936404316502 
                   0.08      0.0440909090909091    0.000145965319062808    4.29287674999665E-05    6.53876524857336E-07    7.65051930441884E-08    1.15814811196223E-06                       0                       0                       0                       0                       0                       0        6045.66389650149        1084.99872541748         3704.0396633181        1511.17808557165    0.000190782597294154        204.826211045746        22870048.3822784     0.00217817588591037        1.25795069225568 
                   0.08      0.0439393939393939     0.00014376016269638    4.22280597441539E-05    6.68320247356712E-07    7.78617161658523E-08    1.18403221280989E-06                       0                       0                       0                       0                       0                       0        6030.76962531745        1079.55569537368        3745.05469700316          1544.333400308    0.000187918426414146         203.89250534523        22828251.5100808     0.00212076951515281        1.25674197365374 
                   0.08      0.0437878787878788    0.000141555006329951    4.15273519883413E-05    6.82763969856087E-07    7.92182392875162E-08    1.20991631365756E-06                       0                       0                       0                       0                       0                       0        6015.87535413341        1074.11266532989        3786.06973068821        1577.48871504434    0.000185054255534137        202.958799644714        22786454.6378832     0.00206336314439525        1.25553325505181 
                   0.08      0.0436363636363636    0.000139349849963523    4.08266442325287E-05    6.97207692355462E-07    8.05747624091801E-08    1.23580041450522E-06                       0                       0                       0                       0                       0                       0        6000.98108294937         1068.6696352861        3827.08476437326        1610.64402978068    0.000182190084654129        202.025093944198        22744657.7656856     0.00200595677363769        1.25432453644988 
                   0.08      0.0434848484848485    0.000137144693597094    4.01259364767161E-05    7.11651414854837E-07     8.1931285530844E-08    1.26168451535288E-06                       0                       0                       0                       0                       0                       0        5986.08681176533        1063.22660524231        3868.09979805831        1643.79934451702     0.00017932591377412        201.091388243682         22702860.893488     0.00194855040288014        1.25311581784795 
                   0.08      0.0433333333333333    0.000134939537230666    3.94252287209035E-05    7.26095137354212E-07    8.32878086525078E-08    1.28756861620055E-06                       0                       0                       0                       0                       0                       0        5971.19254058129        1057.78357519852        3909.11483174336        1676.95465925336    0.000176461742894112        200.157682543166        22661064.0212904     0.00189114403212258        1.25190709924602 
                   0.08      0.0431818181818182    0.000132868722575885     3.8765458917711E-05    7.40474805397673E-07    8.45932608055831E-08    1.31332103198744E-06                       0                       0                       0                       0                       0                       0        5955.26051105452        1052.28463977313        3949.98775113705        1710.36424969811    0.000173772597465593        199.280795681382        22613924.9448589     0.00183935369157189         1.2508112501171 
                   0.08       0.043030303030303     0.00013108438729009    3.81938211467229E-05    7.54363470696206E-07    8.57397109085533E-08    1.33808493258665E-06                       0                       0                       0                       0                       0                       0        5937.51589056199        1046.95667876878        3990.56498147864        1743.58404425148    0.000171456411538516         198.58159705782        22557358.4023709      0.0017935736743478        1.24992090689616 
                   0.08      0.0428787878787879    0.000129300052004296    3.76221833757348E-05    7.68252135994739E-07    8.68861610115235E-08    1.36284883318586E-06                       0                       0                       0                       0                       0                       0        5919.77127006947        1041.62871776443        4031.14221182023        1776.80383880486    0.000169140225611439        197.882398434258        22500791.8598828      0.0017477936571237        1.24903056367523 
                   0.08      0.0427272727272727    0.000127515716718502    3.70505456047468E-05    7.82140801293273E-07    8.80326111144937E-08    1.38761273378507E-06                       0                       0                       0                       0                       0                       0        5902.02664957694        1036.30075676008        4071.71944216181        1810.02363335823    0.000166824039684362        197.183199810697        22444225.3173947     0.00170201363989961        1.24814022045429 
                   0.08      0.0425757575757576    0.000125731381432708    3.64789078337587E-05    7.96029466591806E-07    8.91790612174639E-08    1.41237663438427E-06                       0                       0                       0                       0                       0                       0        5884.28202908441        1030.97279575573         4112.2966725034         1843.2434279116    0.000164507853757285        196.484001187135        22387658.7749067     0.00165623362267552        1.24724987723336 
                   0.08      0.0424242424242424    0.000123941122504554    3.59054007072482E-05     8.0994831866876E-07    9.03317304215949E-08    1.43720088869059E-06                       0                       0                       0                       0                       0                       0        5866.56526572805        1025.63060223847        4152.88128221636        1876.50859300341    0.000162183972813369        195.778964579921        22331247.7464748     0.00161054673730742        1.24635656573518 
                   0.08      0.0422727272727273    0.000122316076413838    3.53826317350677E-05    8.23628044423222E-07    9.13812186451836E-08    1.46152514786275E-06                       0                       0                       0                       0                       0                       0        5847.18974086612         1020.1522165933        4192.95841992548        1909.41291222763    0.000160075204007064        195.149492949192        22266024.1219141     0.00157087140690784        1.24559165469819 
                   0.08      0.0421212121212121    0.000120841119348867    3.49065807351261E-05    8.36821521239698E-07    9.23047317259941E-08    1.48486645346311E-06                       0                       0                       0                       0                       0                       0        5826.54176674545        1014.71709479231        4232.65707915886        1941.54113153757    0.000158161646231388        194.616742936155         22193932.672261     0.00153390523323428         1.2449286982636 
                   0.08       0.041969696969697    0.000119366162283896    3.44305297351845E-05    8.50014998056173E-07    9.32282448068045E-08    1.50820775906347E-06                       0                       0                       0                       0                       0                       0        5805.89379262479        1009.28197299131        4272.35573839223        1973.66935084752    0.000156248088455711        194.083992923118         22121841.222608     0.00149693905956073        1.24426574182902 
                   0.08      0.0418181818181818    0.000117891205218926    3.39544787352428E-05    8.63208474872649E-07     9.4151757887615E-08    1.53154906466383E-06                       0                       0                       0                       0                       0                       0        5785.24581850412        1003.84685119031         4312.0543976256        2005.79757015746    0.000154334530680035        193.551242910081        22049749.7729549     0.00145997288588717        1.24360278539443 
                   0.08      0.0416666666666667    0.000116416248153955    3.34784277353013E-05    8.76401951689124E-07    9.50752709684254E-08    1.55489037026419E-06                       0                       0                       0                       0                       0                       0        5764.59784438345        998.411729389311        4351.75305685898        2037.92578946741    0.000152420972904358        193.018492897044        21977658.3233019     0.00142300671221362        1.24293982895985 
                   0.08      0.0415151515151515    0.000114955809177534    3.30065929523624E-05    8.89680071394401E-07     9.5997907462126E-08    1.57839152924499E-06                       0                       0                       0                       0                       0                       0        5743.61260204329        992.870410902514        4391.28403950061        2070.09055731831    0.000150526393095019         192.47986098518        21903812.1779175     0.00138764179696159        1.24229311204344 
                   0.08      0.0413636363636364    0.000113699791054566    3.25986242381159E-05    9.02198812941167E-07    9.67156155374111E-08    1.60034531965863E-06                       0                       0                       0                       0                       0                       0        5720.12757048091        987.142353559525        4429.78335583285         2100.4356366749    0.000148897609350018        192.048532722491        21816461.8905272     0.00135761832127003        1.24179053644068 
                   0.08      0.0412121212121212    0.000112453699659045     3.2193951241209E-05    9.14596019343649E-07    9.74145596700911E-08    1.62205923874578E-06                       0                       0                       0                       0                       0                       0        5696.55175035884        981.435516389753        4468.25890470408        2130.56225174565    0.000147281673483248        191.626543582213        21728591.6797142     0.00132744447893884        1.24129312674431 
                   0.08      0.0410606060606061    0.000111207608263524    3.17892782443022E-05    9.26993225746131E-07    9.81135038027711E-08    1.64377315783292E-06                       0                       0                       0                       0                       0                       0        5672.97593023678        975.728679219982        4506.73445357531        2160.68886681641    0.000145665737616478        191.204554441935        21640721.4689013     0.00129727063660766        1.24079571704793 
                   0.08      0.0409090909090909    0.000109961516868003    3.13846052473953E-05    9.39390432148613E-07    9.88124479354511E-08    1.66548707692007E-06                       0                       0                       0                       0                       0                       0        5649.40011011471         970.02184205021        4545.21000244654        2190.81548188716    0.000144049801749708        190.782565301657        21552851.2580883     0.00126709679427648        1.24029830735156 
                   0.08      0.0407575757575758    0.000108704985765413    3.09763204488541E-05    9.51978663865537E-07    9.95367085839838E-08    1.68757555419737E-06                       0                       0                       0                       0                       0                       0        5625.86290888454        964.259359398751        4583.66330621684         2221.2332092471    0.000142420394750395        190.346786687449        21465252.6327107     0.00123743435050329          1.239796902638 
                   0.08      0.0406060606060606    0.000107623226683775    3.06230202820244E-05    9.63744778993019E-07    1.00047319628941E-07    1.70799177186814E-06                       0                       0                       0                       0                       0                       0        5599.48700107872        958.155280173043        4620.68058021007        2249.04413685866      0.0001410180279753        189.990104577229        21362491.7790418     0.00121269563666929        1.23941727998686 
                   0.08      0.0404545454545455    0.000106553120221038    3.02737066484468E-05    9.75316099480779E-07    1.00531770258667E-07    1.72802797812128E-06                       0                       0                       0                       0                       0                       0        5572.97357392276        952.074640616905        4657.66244261086        2276.49199826868    0.000139630694849812         189.64394671931        21258962.9919518     0.00118778246871058         1.2390437497006 
                   0.08      0.0403030303030303    0.000105483013758301    2.99243930148692E-05     9.8688741996854E-07    1.01016220888393E-07    1.74806418437443E-06                       0                       0                       0                       0                       0                       0         5546.4601467668        945.994001060766        4694.64430501165        2303.93985967871    0.000138243361724324         189.29778886139        21155434.2048618     0.00116286930075188        1.23867021941433 
                   0.08      0.0401515151515151    0.000104412907295564    2.95750793812916E-05    9.98458740456301E-07    1.01500671518119E-07    1.76810039062758E-06                       0                       0                       0                       0                       0                       0        5519.94671961084        939.913361504628        4731.62616741245        2331.38772108874    0.000136856028598837         188.95163100347        21051905.4177719     0.00113795613279317        1.23829668912807 
                   0.08                    0.04     0.00010335510946605    2.92291672050183E-05    1.01018008481841E-06    1.01984357492223E-07    1.78841190470285E-06                       0                       0                       0                       0                       0                       0        5493.03074791468        933.706936067771         4768.2905855198        2358.76073140208     0.00013548483605968        188.601209413513        20946355.5829233     0.00111419228147246        1.23793404391663 
                   0.08      0.0398484848484848    0.000102419509196467    2.89221449221312E-05    1.02113835098821E-06    1.02291586558537E-07    1.80717490812294E-06                       0                       0                       0                       0                       0                       0        5463.70333949543        927.190193043258        4803.53983669594        2383.39497376664    0.000134272239512726        188.304021743557        20828207.6842174      0.0010935317486549         1.2376514379593 
                   0.08      0.0396969696969697    0.000101491520584252     2.8617793151399E-05    1.03193857978058E-06     1.0258049815176E-07    1.82563339019714E-06                       0                       0                       0                       0                       0                       0        5434.26952364283        920.688837939019        4838.75784312986        2407.72858535169    0.000133069445316416        188.013438425799        20709491.9157138     0.00107276224071787         1.2373725554334 
                   0.08      0.0395454545454545    0.000100563531972037    2.83134413806669E-05    1.04273880857294E-06    1.02869409744982E-07    1.84409187227134E-06                       0                       0                       0                       0                       0                       0        5404.83570779024         914.18748283478        4873.97584956378        2432.06219693675    0.000131866651120105        187.722855108042        20590776.1472102     0.00105199273278084         1.2370936729075 
                   0.08      0.0393939393939394    9.96286738297513E-05    2.80066794694534E-05    1.05368166629146E-06    1.03174852880042E-07    1.86282518523212E-06                       0                       0                       0                       0                       0                       0        5375.49792477619          907.6722401137        4909.22205441572        2456.66712816746    0.000130655010290368        187.426311354359        20472572.8818925     0.00103132157502223        1.23681142998019 
                   0.08      0.0392424242424242    9.87653134805399E-05    2.77222475869956E-05    1.06437385560999E-06    1.03384596023666E-07    1.88100704652585E-06                       0                       0                       0                       0                       0                       0        5344.37264527912        900.851050902906        4943.14874457142        2479.37665019619    0.000129536304094967         187.15145787233        20345363.6563476     0.00101298185483191        1.23657553135634 
                   0.08      0.0390909090909091    9.79559690878236E-05    2.74554726243906E-05    1.07452245974297E-06     1.0350325555605E-07    1.89811404422312E-06                       0                       0                       0                       0                       0                       0         5312.0756499481        893.914828175014        4976.31355963276        2500.32734667915    0.000128487559907074        186.902636429327        20212231.8621743    0.000995575454297644        1.23637135688454 
                   0.08      0.0389393939393939    9.71473790620501E-05    2.71889677711052E-05    1.08465285848102E-06    1.03620124348547E-07    1.91518637134853E-06                       0                       0                       0                       0                       0                       0        5279.76697831937        886.980292132865        5009.47393916692        2521.24283746457    0.000127439785275743        186.654440314495        20079041.3357317     0.00097815917551175        1.23616752657242 
                   0.08      0.0387878787878788    9.63365679216746E-05    2.69216676234876E-05    1.09483686013592E-06    1.03742265692487E-07    1.93236078050992E-06                       0                       0                       0                       0                       0                       0         5247.4926857095        880.040789910304        5042.64737841198        2542.26198587925    0.000126389155937884        186.404403019394        19946023.7372018    0.000960771981681319        1.23596268293635 
                   0.08      0.0386363636363636    9.55543741461476E-05    2.66629275532793E-05    1.10509403368152E-06    1.03832953586085E-07    1.94962781959019E-06                       0                       0                       0                       0                       0                       0        5214.31650638345        872.910964908018        5074.98789606723         2562.4432453817    0.000125375840669146        186.157948853578         19808635.770873    0.000944594473832921        1.23577649278821 
                   0.08      0.0384848484848485    9.48450683452505E-05    2.64276178277687E-05    1.11480005803937E-06    1.03810612908518E-07    1.96577406784776E-06                       0                       0                       0                       0                       0                       0        5179.26885713434        865.538878771653        5105.81163914578        2579.98001574627    0.000124457056369573        185.939223647541        19662148.8968221    0.000930021691490274        1.23563235481763 
                   0.08      0.0383333333333333    9.41401205034957E-05      2.619389231373E-05    1.12438996245108E-06    1.03778711197041E-07    1.98170137896267E-06                       0                       0                       0                       0                       0                       0        5144.15040453414        858.178443563241        5136.59825520611        2597.28934919245    0.000123543869850393        185.723921901961        19515332.9010827    0.000915399481816423        1.23549009477341 
                   0.08      0.0381818181818182    9.34333895422752E-05    2.59595185975808E-05    1.13402737895035E-06    1.03750721515283E-07    1.99771827124805E-06                       0                       0                       0                       0                       0                       0         5109.0609221077        850.813241215958        5167.40006230122        2614.69174161031    0.000122628392921676        185.507219400022        19368651.5700499     0.00090079749602112        1.23534706634955 
                   0.08       0.038030303030303    9.27493417865016E-05    2.57317696824911E-05    1.14379834925257E-06    1.03698607072151E-07    2.01393929274983E-06                       0                       0                       0                       0                       0                       0         5073.1688562038        843.274663468372         5197.3453417026        2631.34618171884    0.000121742535238878        185.291955888383        19218213.4086086    0.000887148664651304        1.23521784848031 
                   0.08      0.0378787878787879    9.21326118189147E-05    2.55255493908805E-05    1.15311483819156E-06    1.03547633669245E-07    2.02921914974345E-06                       0                       0                       0                       0                       0                       0        5035.39010403879        835.492115775642        5225.48185449169        2645.26494539271    0.000120944027539285          185.0993335763        19059003.5533692    0.000874964334997265        1.23512489576546 
                   0.08      0.0377272727272727    9.15202955049437E-05    2.53209488973669E-05    1.16230642039155E-06    1.03388304551313E-07     2.0442655276356E-06                       0                       0                       0                       0                       0                       0        4997.54031356552          827.7241992425        5253.56563150732        2658.93981971326    0.000120151187445899        184.909986459251        18899495.2001655    0.000862739531111727        1.23503375849114 
                   0.08      0.0375757575757576    9.09039877423478E-05    2.51148835537654E-05    1.17161096089661E-06    1.03236531850388E-07     2.0595230502889E-06                       0                       0                       0                       0                       0                       0        4959.75476595826        819.943051149543        5281.69709965343        2672.83525321418    0.000119353221902949        184.717677448531        18740256.7909567    0.000850551329739599        1.23494097943923 
                   0.08      0.0374242424242424    9.03288068246254E-05    2.49212583657961E-05    1.18096483723626E-06    1.03034875033168E-07    2.07479210488963E-06                       0                       0                       0                       0                       0                       0        4920.58624915565        811.921370546639        5308.22822236392        2685.08502450831    0.000118608845668203        184.532392551108        18574807.7843634    0.000839594004396333        1.23487016639724 
                   0.08      0.0372727272727273    8.97994534190284E-05    2.47423791396129E-05    1.18996859437186E-06    1.02771742862247E-07    2.08934762705005E-06                       0                       0                       0                       0                       0                       0        4880.11987219123        803.761408212593        5333.30720485632        2695.29097549662    0.000117923925769659        184.362328627188        18403661.7499527    0.000829501155708033        1.23482178981584 
                   0.08      0.0371212121212121    8.92721734418467E-05     2.4564264755296E-05    1.19891165067004E-06    1.02505548775769E-07     2.1037908454834E-06                       0                       0                       0                       0                       0                       0        4839.62196564305        795.609978013583        5358.35293739857        2705.38111374048    0.000117241667532177        184.193723632894        18232401.8866956    0.000819394477799019        1.23477416427966 
                   0.08       0.036969696969697     8.8736854261691E-05     2.4383184886875E-05     1.2080900593677E-06    1.02251226505298E-07    2.11866949368613E-06                       0                       0                       0                       0                       0                       0         4799.2463072138        787.425466583097        5383.52758835251         2715.9202870958    0.000116549089365937        184.019462001842        18061583.3664783    0.000809341419253699         1.2347236267524 
                   0.08      0.0368181818181818    8.82813723697892E-05    2.42267223813186E-05    1.21715352152072E-06     1.0190526248378E-07     2.1331886171539E-06                       0                       0                       0                       0                       0                       0        4756.31302988914        778.884139781974        5405.39148448704         2722.9630987377    0.000115960365064431        183.862665316859        17879888.6585701    0.000801167126548313        1.23471135671199 
                   0.08      0.0366666666666667    8.78340458993601E-05    2.40732141505505E-05    1.22600083335379E-06    1.01550892327068E-07    2.14730980772482E-06                       0                       0                       0                       0                       0                       0        4713.25112116864          770.3748407481        5427.06833113199        2729.57272935024    0.000115382125329598        183.710882764481        17697786.2218616    0.000792986584383437        1.23470206501058 
                   0.08      0.0365151515151515    8.73827143621412E-05    2.39182270848284E-05    1.23496732492884E-06    1.01200583044949E-07    2.16164943856611E-06                       0                       0                       0                       0                       0                       0        4670.24391060854        761.845437721075        5448.82746963324        2736.39991422214    0.000114798744613729         183.55643253975        17515838.9851023    0.000784821698233622        1.23469137013164 
                   0.08      0.0363636363636364    8.69745434763693E-05    2.37760161141943E-05    1.24412016253094E-06    1.00807728464865E-07    2.17623333313839E-06                       0                       0                       0                       0                       0                       0        4625.73772826205        753.077084047972        5468.40232979945        2741.39055027948    0.000114271702963485        183.407562106649        17327718.3879552    0.000777788943958066        1.23470038339139 
                   0.08      0.0362121212121212    8.66028531286338E-05    2.36453929276323E-05    1.25306297076239E-06     1.0038221773249E-07     2.1903781825124E-06                       0                       0                       0                       0                       0                       0        4580.20695549764        744.227634672358        5486.41817761383        2744.72772013329    0.000113792055419115        183.268951296202        17135639.3089948    0.000771411401938442        1.23472484885371 
                   0.08      0.0360606060606061    8.62301405721226E-05    2.35143921094333E-05    1.26203633405432E-06    9.99572519901267E-08    2.20457850503849E-06                       0                       0                       0                       0                       0                       0        4534.68800326201        735.372056197541        5504.45995460308        2748.11695294174    0.000113311094604028        183.129691042173        16943581.0829984    0.000765034789842017        1.23474896470111 
                   0.08      0.0359090909090909     8.5885837815005E-05    2.33914420279678E-05    1.27129987058799E-06    9.95073155263218E-08     2.2192322652963E-06                       0                       0                       0                       0                       0                       0        4488.12127426334        726.330896457439        5520.83496537294        2750.34981898006    0.000112867304011758        182.991997246901          16747316.18931    0.000759451926198614        1.23478563701949 
                   0.08      0.0357575757575758    8.55882491238598E-05    2.32828989071755E-05    1.28049487601534E-06    9.90238203136296E-08    2.23367903607505E-06                       0                       0                       0                       0                       0                       0        4440.19067447768        717.160866593472        5534.89436498161        2750.56603031935    0.000112484318553438        182.864654512138        16545988.7163132    0.000754800542076851        1.23484148641703 
                   0.08      0.0356060606060606    8.52909074760879E-05    2.31744469579189E-05     1.2896825093297E-06    9.85403115607554E-08    2.24811254630193E-06                       0                       0                       0                       0                       0                       0        4392.25782461974        707.992560519093         5548.9463003361        2750.77067454225    0.000112101650815792        182.737463532957        16344661.1294331     0.00075014973902454        1.23489741570825 
                   0.08      0.0354545454545455    8.50238212562882E-05    2.30744653842542E-05    1.29922876583059E-06    9.80335854362461E-08    2.26311305310414E-06                       0                       0                       0                       0                       0                       0        4343.23915401911        698.637508521383         5561.1260764169        2749.77621321581    0.000111758622765422        182.611774249258        16139131.3541404    0.000746297619163579         1.2349659708922 
                   0.08      0.0353030303030303    8.48016886673114E-05    2.29881810583739E-05    1.30878491393931E-06    9.75039489451872E-08    2.27805120086532E-06                       0                       0                       0                       0                       0                       0        4292.95961333715        689.175695207356        5570.89312085866        2746.93658243214     0.00011147418635528        182.495278163179        15929213.4913681    0.000743351829311382        1.23505218917956 
                   0.08      0.0351515151515151    8.45780878567331E-05    2.29013561039867E-05    1.31838494796085E-06    9.69737249060166E-08    2.29306740602338E-06                       0                       0                       0                       0                       0                       0        4242.68923161187        679.702160981826        5580.71157490681        2744.15900320377    0.000111187862522826        182.377909440452        15719266.0344689    0.000740397281165524        1.23513791232262 
                   0.08                   0.035    8.44016787268156E-05    2.28279142641251E-05    1.32846713873037E-06    9.64159632344806E-08    2.30883451693849E-06                       0                       0                       0                       0                       0                       0        4190.88248420636        670.001688205812        5587.60383612808        2739.57572378482    0.000110963301334897        182.264268543764        15503735.5221685    0.000738575042763253        1.23524189908721 
                   0.08      0.0348484848484849    8.42569307896912E-05    2.27642416544511E-05     1.3384981724847E-06    9.58519308948823E-08    2.32446452513457E-06                       0                       0                       0                       0                       0                       0        4138.31097520209        660.275010313187        5592.74944818202        2733.78284451011    0.000110779976709131        182.157779322165        15285897.1546904    0.000737374650159898        1.23535760200326 
                   0.08      0.0346969696969697    8.41095523803084E-05    2.26993579848792E-05    1.34872309659262E-06    9.52821339549369E-08    2.34042961429996E-06                       0                       0                       0                       0                       0                       0         4085.6708643923        650.487818178059         5597.9330867332        2728.08858028531    0.000110593327487731        182.048335087301        15067537.0043757    0.000736185996985419        1.23547258579766 
                   0.08      0.0345454545454545    8.40369095926173E-05    2.26560101500044E-05    1.35955785902925E-06    9.46855564402127E-08     2.3573233928024E-06                       0                       0                       0                       0                       0                       0        4030.86680359059        640.452577004508        5598.46132462004        2719.70282274534     0.00011050447202342        181.945708376632         14841981.161205    0.000736724753472292        1.23561561471294 
                   0.08      0.0343939393939394    8.39670398455392E-05    2.26136909649907E-05    1.37030629123217E-06    9.40924146573285E-08    2.37406677513978E-06                       0                       0                       0                       0                       0                       0        3976.06262760282        630.445505050653        5598.86561995656        2711.23114720612    0.000110419173651823        181.844605546806         14616601.427819    0.000737305086242389        1.23575967465675 
                   0.08      0.0342424242424242    8.39356138351019E-05    2.25818268836621E-05    1.38166523608116E-06    9.34806353632682E-08    2.39179403202263E-06                       0                       0                       0                       0                       0                       0        3920.03496150301        620.245975696711         5596.7173537493        2701.46120649724    0.000110384356032621        181.743236445921        14386961.4154488    0.000738849031702507        1.23591794725109 
                   0.08      0.0340909090909091    8.39454444508807E-05     2.2562186147965E-05      1.393199287989E-06    9.28686750603384E-08     2.4097640684139E-06                       0                       0                       0                       0                       0                       0        3863.03872307931        609.999896438152        5592.02920508523        2690.36701533236    0.000110403439344302        181.647316079326        14154650.5243722    0.000741355578547586        1.23609152172143 
                   0.08      0.0339393939393939    8.39676632698357E-05    2.25455238614891E-05    1.40511441921038E-06    9.22449560226383E-08    2.42836394840837E-06                       0                       0                       0                       0                       0                       0        3805.55877180913        599.642122838351        5586.47801969399        2678.86860939644    0.000110438881453468        181.549619206003        13920443.9896356    0.000744184866333328        1.23626927832057 
                   0.08      0.0337878787878788    8.40585923799015E-05    2.25483717457305E-05    1.41771001554535E-06    9.16165021353603E-08    2.44803381325862E-06                       0                       0                       0                       0                       0                       0         3746.3886028444        589.131185572888        5576.62200949842        2665.35035619181     0.00011056432173686        181.458423650286        13681276.0754968    0.000748690844642882        1.23647138631277 
                   0.08      0.0336363636363636    8.41488730901577E-05    2.25508878245723E-05    1.43037037421389E-06    9.09847672538642E-08    2.46781338317061E-06                       0                       0                       0                       0                       0                       0        3687.18312050561        578.598270489605        5566.78837813815         2651.8331777305    0.000110688949625404        181.366336133514         13441866.088277    0.000753179010290986        1.23667310217758 
                   0.08      0.0334848484848485    8.43270130104201E-05    2.25777671462514E-05    1.44417910892135E-06    9.03473560104121E-08     2.4894349870384E-06                       0                       0                       0                       0                       0                       0         3625.8606121658        567.835622179643        5551.50355179532        2635.96926828816    0.000110928755295127        181.281191563991        13196188.3904264    0.000759880335937084        1.23690489029967 
                   0.08      0.0333333333333333    8.45053746782437E-05    2.26047293370616E-05    1.45798055863739E-06    8.97104475704431E-08    2.51104410602254E-06                       0                       0                       0                       0                       0                       0        3564.54041224393        557.075781951357        5536.20659102444          2620.103107932    0.000111168845546304        181.196177079422         12950538.375513     0.00076658910149536        1.23713677113603 
                   0.08      0.0331818181818182    8.47708575258634E-05    2.26555635409704E-05    1.47306638497848E-06    8.90708143841312E-08    2.53472862350316E-06                       0                       0                       0                       0                       0                       0        3501.22112944945        546.087928194863        5515.60155695118        2602.12161435498    0.000111523306091464        181.116191394943        12699067.7504831    0.000775595778930162        1.23739754016374 
                   0.08       0.033030303030303    8.50425163197163E-05    2.27081329116208E-05    1.48822269214534E-06    8.84320287369286E-08    2.55852566610365E-06                       0                       0                       0                       0                       0                       0        3437.77508964827        535.090569010723        5494.62207532874        2583.99782217372    0.000111885863178743        181.036784339843        12447270.3342604    0.000784770614555721         1.2376603972876 
                   0.08      0.0328787878787879    8.54123582580622E-05    2.27874745977496E-05    1.50489153693584E-06    8.77964810020355E-08     2.5847736369935E-06                       0                       0                       0                       0                       0                       0        3372.24690719342          523.8622741812        5467.84013457132        2563.73769891657    0.000112377322417632        180.962327790055        12189645.8506441    0.000796680879047351        1.23795576648548 
                   0.08      0.0327272727272727    8.57985896496104E-05     2.2871158540703E-05    1.52187385929168E-06     8.7159555317443E-08    2.61153329576717E-06                       0                       0                       0                       0                       0                       0        3306.35886808138        512.582861267685        5440.12777629563        2543.13096698009    0.000112890335180675        180.888102490634        11930929.5701392    0.000809044455073614        1.23825615689283 
                   0.08      0.0325757575757576    8.62774516447786E-05    2.29801542439871E-05    1.54025873242609E-06    8.65348497635394E-08    2.64056366861685E-06                       0                       0                       0                       0                       0                       0        3238.71904723507        501.132039278451        5407.14265935693         2520.7688125297    0.000113524966205992        180.818921730896        11667663.5529954    0.000824191972767235        1.23858643358493 
                   0.08      0.0324242424242424    8.68012242798722E-05    2.31008475427082E-05    1.55959810432008E-06    8.59047949671451E-08    2.67115840915768E-06                       0                       0                       0                       0                       0                       0        3170.12036020269        489.530976874186        5371.74938987638        2497.51664138388    0.000114218738137772        180.749506401437        11401397.6488634    0.000840600762521955        1.23893011303146 
                   0.08      0.0322727272727273    8.73945425632927E-05    2.32406358658162E-05    1.57994673954577E-06    8.52909679076708E-08    2.70338526772143E-06                       0                       0                       0                       0                       0                       0        3100.37089347694        477.838410135232        5332.55679316708        2473.14084223203    0.000115003816863583         180.68430717711        11132443.9798486    0.000859296266567769        1.23929664411355 
                   0.08      0.0321212121212121    8.80846698918566E-05    2.34061917103033E-05    1.60208924000758E-06    8.46849318979012E-08    2.73853934409441E-06                       0                       0                       0                       0                       0                       0        3028.91310827828        465.932522627723        5288.39652292561        2447.18684252069    0.000115916191524509        180.621406139581        10858796.2985113    0.000881091918588305        1.23969269483715 
                   0.08       0.031969696969697    8.88352391521534E-05    2.35878685272293E-05    1.62533662630131E-06    8.40862263774265E-08    2.77549549919551E-06                       0                       0                       0                       0                       0                       0        2956.45440221659        453.908022024672          5241.226975166        2420.31573552305    0.000116908029326437        180.560133767514        10582487.4517639    0.000904898493737084         1.2401070881931 
                   0.08      0.0318181818181818    8.96867072055356E-05    2.37966573996787E-05    1.65033301162686E-06    8.35064644847377E-08    2.81529723221068E-06                       0                       0                       0                       0                       0                       0        2882.46256218706        441.722668298954        5189.12925100095        2392.06562050576    0.000118032467521672        180.502438526117        10302387.8468728    0.000932305765547938        1.24055254340393 
                   0.08      0.0316666666666667    9.06570562291797E-05    2.40370091941789E-05    1.67757078240831E-06    8.29443819630064E-08    2.85875759317435E-06                       0                       0                       0                       0                       0                       0        2806.71128647236        429.325015006825        5131.59677194763        2362.27140050632    0.000119313314479792        180.447394492381        10017697.1533712    0.000964050868716545        1.24103337030064 
                   0.08      0.0315151515151515      9.172604087671E-05    2.43033311202751E-05    1.70677453495514E-06    8.23943753177507E-08    2.90543429057458E-06                       0                       0                       0                       0                       0                       0        2729.52492143221        416.739468865761        5069.77939905447        2331.22265565614    0.000120723969042389        180.393724739206         9729114.3125554    0.000999401741874028        1.24154166913949 
                   0.08      0.0313636363636364    9.29140625277662E-05    2.46014775621847E-05     1.7381224103158E-06    8.18711031625258E-08    2.95560127486822E-06                       0                       0                       0                       0                       0                       0        2650.84156872908        403.996266871078        5002.90185034597         2298.9128693334    0.000122291146629676         180.34354530872        9436995.55201658     0.00103966116645976        1.24208487380777 
                   0.08      0.0312121212121212     9.4244888009549E-05    2.49374208211983E-05    1.77222440293353E-06    8.13739468929586E-08    3.01026436667967E-06                       0                       0                       0                       0                       0                       0        2570.36486381086        391.035758574224        4930.28735670813        2265.09850910193    0.000124046170386348         180.29595003869        9140330.50437011     0.00108583242413828        1.24266923831233 
                   0.08      0.0310606060606061    9.57611652374874E-05    2.53223560888831E-05    1.80994568139752E-06    8.09124811411868E-08    3.07083827290198E-06                       0                       0                       0                       0                       0                       0        2487.73701564635         377.81154729253        4850.71591268917        2229.50962219471    0.000126045212251539        180.251503643856         8838243.2683892     0.00114015486361564        1.24330504383188 
                   0.08      0.0309090909090909    9.74574744873805E-05     2.5754778189337E-05    1.85121675975988E-06    8.04868428948958E-08    3.13720969884008E-06                       0                       0                       0                       0                       0                       0        2403.16960073034        364.346365208122        4764.83775228841        2192.34492674206    0.000128281174781079        180.209583846566         8531284.0344614      0.0012028795399849        1.24398970084551 
                   0.08      0.0307575757575758    9.93635547822857E-05    2.62424796530902E-05    1.89665321097634E-06      8.010410281084E-08    3.21038556957203E-06                       0                       0                       0                       0                       0                       0        2316.48960464137         350.61620089818        4672.05300115744        2153.48247583283    0.000130793184842291        180.170472099069        8219031.27952616     0.00127593843928448        1.24473081906843 
                   0.08      0.0306060606060606    0.000101513877934904    2.67944747262285E-05    1.94697320590347E-06    7.97725187882287E-08    3.29153725453981E-06                       0                       0                       0                       0                       0                       0          2227.523024683        336.595953662375        4571.76102963615        2112.80101561178    0.000133626632075941        180.134110347115        7901056.26931688     0.00136176262484053        1.24553563974873 
                   0.08      0.0304545454545455    0.000103948249132669    2.74211723643572E-05    2.00300554419753E-06    7.95016789701024E-08    3.38202227914021E-06                       0                       0                       0                       0                       0                       0        2136.09719530637        322.260255832975        4463.36448495428        2070.17879342992    0.000136833969009712        180.100707345407        7576931.36696542      0.0014634116028416        1.24641394361948 
                   0.08      0.0303030303030303    0.000106745306290628    2.81431448804254E-05    2.06636998602875E-06    7.93098955205422E-08     3.4844873992006E-06                       0                       0                       0                       0                       0                       0        2041.79801392061        307.551346479648        4345.47708519101        2025.30667346378    0.000140518639734778        180.070429664769        7245616.84511481     0.00158682277166056           1.24738347311 
                   0.08      0.0301515151515152    0.000109973178283963    2.89782746812257E-05    2.13847225686174E-06     7.9213815425882E-08    3.60122867589673E-06                       0                       0                       0                       0                       0                       0        1944.40446509888        292.436421007798        4217.33346349197        1978.02537867649    0.000144770352448895        180.043403714848        6906566.83526244     0.00173838214945243        1.24845819383826 
                   0.08                    0.03    0.000113679502122204    2.99391612851373E-05    2.22024261900911E-06    7.92260691829682E-08    3.73375603287202E-06                       0                       0                       0                       0                       0                       0        1843.92077176608         276.91523164702        4078.84174656789        1928.36159957637    0.000149651883693913        180.019665860393         6559853.1967825     0.00192434366995703        1.24964874362558 
