VARIABLES = "X"
 "Y"
 "rho_N2"
 "rho_O2"
 "rho_NO"
 "rho_N"
 "rho_O"
 "rho_NOp"
 "rho_N2p"
 "rho_O2p"
 "rho_Np"
 "rho_Op"
 "rho_e"
 "U"
 "V"
 "T"
 "Tv"
 "rho"
 "P"
 "H"
 "tau"
 "gamma"
ZONE
DT=(DOUBLE,DOUBLE,DOUBLE,DOUBLE,DOUBLE,DOUBLE,DOUBLE,DOUBLE,DOUBLE,DOUBLE,DOUBLE,DOUBLE,DOUBLE,DOUBLE,DOUBLE,DOUBLE,DOUBLE,DOUBLE,DOUBLE,DOUBLE,DOUBLE,DOUBLE)
                    0.5                     0.1      0.0299051239947391     0.00916356959926701    5.25981484183401E-18    8.12655138030976E-23      1.256680034348E-18     2.3494914098575E-18    1.15791345945202E-32    7.41229689779328E-21    1.32443621581986E-25    2.89024555414738E-19    2.03645199132333E-26        3429.99192331084       -604.935336746001        322.910284096082        322.884006760036      0.0390686901378721        3636.33039135649        6391298.69320319        6.11302730873326        1.39612996578217 
       0.52020202020202                     0.1      0.0299116413995393     0.00916556607667397    5.52447968749297E-18    8.37219644947388E-23    1.32423174203514E-18    2.47582589668014E-18    1.19104709624479E-32      7.771478707822E-21    1.51372073374714E-25    2.97326343503384E-19    2.18049522716972E-26        3429.98126277809       -604.850859676984        322.946243897782        322.884024416157      0.0390772000885508         3637.5287760728        6391247.69091111        6.10669123040969        1.39612996578217 
       0.54040404040404                     0.1      0.0299246633582655     0.00916955616270832     5.7770620507524E-18    8.31917369311327E-23    1.39144056239564E-18    2.60153501920361E-18    1.18832573848577E-32    8.09773048346986E-21    1.12481600118331E-25    2.96549066112662E-19     2.3512515951668E-26        3429.96020184278       -604.678834831932        323.022109272991        322.884105856659      0.0390942133338024        3639.96917819894         6391148.4419204        6.09362481594748        1.39612992333957 
      0.560606060606061                     0.1      0.0299483404526867     0.00917681148665796    6.02093781605469E-18    8.08401892485749E-23     1.4581177269445E-18    2.72625820188414E-18    1.16300764284368E-32    8.40061027135586E-21    4.43928296741702E-26    2.90061512182183E-19    2.51059010311624E-26         3429.9223354048       -604.360139977405         323.16758508139        322.884305374903      0.0391251506769381        3644.49781593612        6390972.95654647        6.06931487747674        1.39612988089697 
      0.580808080808081                     0.1      0.0299784989819499     0.00918605223976998    6.26958741540252E-18    7.97492602307469E-23    1.52420371074357E-18    2.84986066194685E-18    1.15234341623951E-32    8.71614259516447E-21      4.871029784773E-27    2.87290781167089E-19    2.61319377848455E-26        3429.87418959322       -603.955352014744        323.351135314636        322.884546897152      0.0391645518214609        3650.24509903542        6390747.65908245        6.03834359860601        1.39612988089697 
      0.601010101010101                     0.1      0.0300360686526956     0.00920369253639083     6.5191513512775E-18    8.04960848258982E-23    1.59092050300865E-18    2.97465837210692E-18    1.15821371859833E-32    9.03396291924968E-21    4.59212777186087E-26    2.88805461790963E-19    2.65275504390514E-26        3429.78271054689       -603.167205319471        323.721473127845        322.885093711436      0.0392397533869599        3661.45962516858        6390330.02684394        5.97797758273075        1.39612916040083 
      0.621212121212121                     0.1      0.0301358144941753     0.00923425858690061    6.77656753724905E-18    8.16233040811365E-23    1.66015362313605E-18    3.10416684723129E-18    1.17025113816909E-32     9.3610839807336E-21    8.24692505123373E-26    2.91815412427702E-19    2.67619957678369E-26        3429.62622121738        -601.77127474837        324.405336259916          322.8863604633      0.0393700717772152        3681.44626028599        6389638.56455006        5.87261078037819        1.39612901210785 
      0.641414141414141                     0.1       0.030281032672834     0.00927875777272172    7.04886999154696E-18    8.26905179364906E-23    1.73267963681065E-18    3.23982536573243E-18    1.18665880374469E-32    9.71302755699053E-21    7.79594827369904E-26    2.95774207393654E-19    2.69435831400671E-26        3429.39975247732       -599.706249335386         325.45174664297        322.888661918634       0.039559795225508        3711.27752329292         6388673.5117166        5.72121766427979        1.39612896966525 
      0.661616161616162                     0.1      0.0304805298572429     0.00933988760820563    7.34014548872773E-18    8.34446216995934E-23    1.80933805513716E-18    3.38320286155251E-18    1.20299628448284E-32    1.00973973771584E-20    1.16236890560283E-21    2.99578953435069E-19    2.71787397224052E-26        3429.09076098197       -596.832801337025        326.953025901734        322.892530017228      0.0398204216251927        3753.27992646552        6387407.23940102        5.51914547643661        1.39612883703213 
      0.681818181818182                     0.1      0.0307189339060466     0.00941293753277582    7.63889338241417E-18    8.30781887874721E-23    1.88853695133533E-18    3.53133491695572E-18    1.20340634348999E-32    1.04905094344992E-20     5.8116578573472E-21    2.99379110648354E-19    2.75337446491315E-26        3428.72223178893       -593.380962036262        328.768850717263        322.897319038982      0.0401318670308981        3803.68939291531        6385904.58952139        5.27530701006025        1.39612874684183 
      0.702020202020202                     0.1      0.0310508991752462     0.00951466010751172    7.94447513553599E-18      8.034594312675E-23    1.97450190319194E-18    3.69216743832829E-18       1.16488517416E-32    1.08729874156358E-20    5.81165910438855E-21    2.89482630148727E-19    2.81556885261508E-26        3428.21354844017       -588.504977110234        331.431898254534        322.905869845812      0.0405655591793887        3876.18825946293        6383946.34519528        4.95423133358188        1.39612789371171 
      0.722222222222222                     0.1      0.0314891039647641     0.00964893587222773    8.30857232317775E-18    8.08777525128496E-23    2.07101360464684E-18    3.87268942352811E-18    1.17347989082754E-32    1.13681851154816E-20    2.32466333718948E-21    2.91148486322279E-19     2.8895098047836E-26        3427.54978466705       -582.007281372464        335.114673277871         322.92015320689      0.0411380427962495        3975.45093128116        6381579.60828442        4.57087742690895        1.39612683642291 
      0.742424242424242                     0.1      0.0320200198976005     0.00981161922339642    8.71561812234503E-18    8.21594006874859E-23    2.17728597952242E-18    4.07145720763366E-18    1.19257582471838E-32    1.19417047961789E-20    4.41948664946327E-31    2.95297872099885E-19    2.96331281971275E-26        3426.75539692542       -574.111338935477        339.706185800492        322.940965999374      0.0418316418325695         4099.2311867465        6378932.47358837        4.15090629651376        1.39612567034286 
      0.762626262626263                     0.1      0.0326500141749203      0.0100046621457237    9.15577489937316E-18    8.24464085806281E-23    2.29354342320762E-18    4.28891078609399E-18    1.19656475037963E-32    1.25736869946977E-20    6.47539689687599E-31    2.95576195179974E-19    3.03014088302275E-26        3425.82569536586       -564.747563772245        345.272185249094        322.970213800738      0.0426546758866956        4250.23853804774        6376051.78144145        3.70600754436772        1.39612405644377 
      0.782828282828283                     0.1       0.033347144101961      0.0102182790268451    9.60804279884302E-18    8.06572636489793E-23     2.4163391668919E-18    4.51861390670429E-18    1.17069864463092E-32    1.32175721305418E-20    1.62241980813531E-30    2.88363291829864E-19    3.08255718896631E-26        3424.79872841429       -554.346455313039        351.531411413775        323.004675590956      0.0435654222803765         4419.2739257669        6372979.13089044        3.24088336064415        1.39612144943165 
      0.803030303030303                     0.1      0.0341884707196979      0.0104760808032081    1.01338504012717E-17    8.34058987619074E-23    2.55315165015569E-18    4.77448965260287E-18    1.20018998261282E-32    1.40352017422464E-20    7.07850733105907E-26    2.94707714557384E-19    3.12394112729507E-26        3423.58657390386       -541.878189947728        359.222016420171        323.055355466441      0.0446645415275393        4630.55996131757        6369746.43438112        2.78015128680791        1.39611785148348 
      0.823232323232323                     0.1       0.035179566016321      0.0107797753841702    1.06917079988785E-17    8.29144574575585E-23    2.70425121640619E-18    5.05714335778575E-18    1.18488737768449E-32    1.49454684052404E-20    8.68842002249604E-26    2.89720702272595E-19    3.16989859571119E-26        3422.20434807705        -527.43006374137        368.298621183801        323.127400693782      0.0459593371583669        4888.30855799472        6366533.51029109        2.35013427766271        1.39611319323835 
      0.843434343434343                     0.1      0.0362884718094943        0.01111956757432    1.12869172966596E-17    8.13964951764293E-23    2.86734037800657E-18    5.36224872821003E-18    1.15350430067087E-32    1.59819289858049E-20    5.25568758497247E-26    2.80449534954944E-19    3.22488166069746E-26        3420.69698217035       -511.517638714393        378.403549128459        323.220271851767      0.0474080389493612        5184.18455554967        6363420.69878404        1.95374325475319        1.39610692933983 
      0.863636363636364                     0.1      0.0375159948303241       0.011495703824659    1.19328359809795E-17    8.13171384435034E-23    3.04253485299323E-18    5.68999423099009E-18    1.13391798264395E-32    1.72018022975711E-20    1.43913087327659E-30    2.73773950177285E-19    3.29512203067722E-26        3419.07089365712       -494.211710197317        389.485415337417        323.337484177772      0.0490116967099466        5519.67919974809        6360468.63530923        1.59547523494335        1.39609883990802 
      0.883838383838384                     0.1       0.038826414202845      0.0118972408694139    1.26324861602893E-17     8.5200114070924E-23    3.22599856794279E-18    6.03316131046129E-18    1.16421030911649E-32    1.85877809693468E-20    5.86885719946156E-31    2.79277411911303E-19    3.38249304234183E-26        3417.35456041189       -475.873944040086         401.30777930671        323.470819030276      0.0507236550722594        5882.47005644417        6357614.55716239        1.26892867496686        1.39609011280909 
      0.904040404040404                     0.1      0.0402841769532495      0.0123439377443191    1.33604662695539E-17    8.68296311248425E-23    3.42334793360958E-18    6.40235603819699E-18    1.14450631685349E-32    2.01891210748911E-20    7.63438759354582E-31    2.72486653570765E-19    3.50066089144877E-26        3415.53158018786       -456.100034566582        414.120054097926        323.643878336441      0.0526281140768547        6297.74833280332        6355198.32653658        1.00485647942881        1.39607815375011 
      0.924242424242424                     0.1      0.0418767846063826      0.0128319459299557    1.41227185932867E-17    8.73968399238493E-23    3.63482592049086E-18    6.79802405121391E-18    1.08367784318213E-32    2.20952430974731E-20    1.89914763134134E-28    2.55890760210004E-19    3.64357183779883E-26        3413.64006676178        -435.26793569485         427.61772079004        323.863481316714      0.0547087296879114        6763.97720736172        6353308.53439514       0.794346514108098        1.39606287150116 
      0.944444444444444                     0.1      0.0435574294141917      0.0133469301819863    1.49245551244419E-17    8.96967574716298E-23    3.85730125192962E-18    7.21426869403101E-18    1.02028486392414E-32    2.43339075646599E-20    3.16053023264011E-28    2.38708179341358E-19    3.80369667778792E-26        3411.71863285753       -413.890360517479        441.452714705039         324.12274239238      0.0569043594099119         7265.5749278884          6351850.751645       0.621635473062664        1.39604498229933 
      0.964646464646465                     0.1      0.0453155939534556      0.0138856691366223     1.5778039694352E-17    9.64069844742426E-23    4.09154504719404E-18    7.65251579286869E-18     9.7637977806615E-33    2.69863419979586E-20    2.52699535562555E-28    2.26038613714379E-19    3.97700466496937E-26        3409.78205743937       -392.152891019126        455.494742866534         324.42432392828      0.0592012640224063        7799.84231021172        6350832.24945382       0.482388670223763        1.39602427151085 
      0.984848484848485                     0.1      0.0471267752597498      0.0144406504244707    1.66782901374874E-17    1.07005694902674E-22    4.33627526587265E-18    8.11036851806927E-18    9.54004619109753E-33    2.99299708010111E-20    1.86586694235695E-31    2.18225200945096E-19    4.15752716738592E-26          3407.833639639       -370.174373146203        469.685560721954        324.754770879862      0.0615674242994775        8356.86860519855        6350143.57098442        0.36893793287314        1.39600160435666 
       1.00505050505051                     0.1      0.0490090951832982      0.0150174321109861    1.76586201820252E-17    1.25866270118587E-22    4.59844503542231E-18    8.60082447689425E-18      9.694577612039E-33    3.36089255709077E-20    3.74562715257501E-32    2.18561304189938E-19    4.34704135168919E-26        3405.92033751801       -348.283507371606        483.720432450895        325.146314649417      0.0640265280203782         8947.8849827379        6350036.52053828       0.288009664545772        1.39597479388769 
       1.02525252525253                     0.1      0.0509373072271577      0.0156082802553221    1.86688288651274E-17    1.46660780748633E-22      4.872273808035E-18    9.11312852405265E-18    2.15113628847307E-30    3.80594261506279E-20     1.6929365478363E-28    2.11346054998914E-19    4.54448020404132E-26        3404.07010131076       -326.794085135532        497.366093685747        325.601412403854      0.0665455876282991        9564.19639321044         6350431.7326274       0.228231640038073        1.39594320822788 
       1.04545454545455                     0.1      0.0528787707603753      0.0162031858956412    1.96977486046252E-17    1.68623275771864E-22    5.15361791172287E-18     9.6395158352612E-18    8.21239553767618E-30    4.31761237189332E-20    2.82280308464483E-28    1.99187247486982E-19    4.74603956440108E-26        3402.28620816638       -305.832869940526        510.580639965776         326.10525264891      0.0690819551459267        10192.4195355572        6351176.23393893       0.181703767597067        1.39590795606699 
       1.06565656565657                     0.1      0.0548213764875228      0.0167984389767428    2.07498611841353E-17    1.93102715634585E-22    5.44138464110506E-18    1.01779273243478E-17    1.00811126697252E-29    4.89941965333562E-20     5.1991627384406E-27    1.86436007971902E-19    4.95066395873565E-26        3400.57627830437       -285.511136508149        523.304668562846        326.657831468938      0.0716198121953999        10828.2822454506        6352239.02613544        0.14578701115072        1.39586907983075 
       1.08585858585859                     0.1      0.0567591261297337       0.017392209499382    2.18356244011122E-17     2.2258807851677E-22    5.73381099404883E-18    1.07250332738621E-17    8.03141506328797E-30    5.52055127806242E-20    2.95983110833094E-26    1.81761687834296E-19    5.15756655803032E-26        3398.92253481511       -265.700659557774        535.653116136157        327.243115388394      0.0741513308701373        11468.0929445955        6353536.97456509       0.117364174177696        1.39582787421126 
       1.10606060606061                     0.1      0.0586768528788866      0.0179798442598185    2.29981120858315E-17    3.02270719428485E-22     6.0397509605625E-18    1.12974753310628E-17    6.17803427100044E-30    6.24224918178326E-20     4.6493467192374E-21    1.90625799103559E-19    5.36325039284019E-26        3397.37460826408       -246.929709830604        547.240163210727        327.892897867665      0.0766566977599088        12109.3326439619        6355143.79176223      0.0970772571300734        1.39578176242417 
       1.12626262626263                     0.1      0.0605643782044168      0.0185582203673523    2.42341209770633E-17    4.25201253437544E-22    6.35988097208903E-18    1.18965576024023E-17    7.39469101346504E-30    7.09345642854525E-20     5.8116859571309E-21    2.09698376088838E-19    5.56357547855714E-26        3395.92956023695        -229.20583475029        558.063889952893        328.605573999084      0.0791226001857271        12746.5860158641        6356960.10733964      0.0817874225652582        1.39573082745046 
       1.14646464646465                     0.1      0.0624148336641239       0.019125238689534    2.55002898871307E-17    5.52088685716799E-22    6.68866622897916E-18    1.25119161897827E-17    8.46271634779316E-30    8.04486571190538E-20    3.48702409527107E-21    2.26131422894209E-19    5.75777640734803E-26        3394.56962622405       -212.353506726661        568.267673739485        329.363018390505      0.0815400735541415        13375.2574575669        6358896.59048848      0.0695890837748791        1.39567592953901 
       1.16666666666667                     0.1      0.0642212046698953      0.0196787507197734    2.67723370982578E-17    6.61254720050751E-22    7.02257830057985E-18     1.3136917077613E-17    5.31999414478505E-30     9.0998718835306E-20    1.16234554100989E-21    2.33604088187419E-19    5.94502157671672E-26        3393.29645877727       -196.388863125616        577.853455301225        330.163326267449       0.083899954108313        13992.5046580795        6360931.53223503      0.0598632344821283         1.3956172647456 
       1.18686868686869                     0.1      0.0659906405654601      0.0202209467903422    2.80400189602423E-17    7.48882061609475E-22    7.35854396252342E-18    1.37657575372369E-17    4.17305553067886E-30     1.0211346189182E-19    5.81166132135631E-21    2.32705212264774E-19    6.12464122153804E-26        3392.09064618237       -181.105428302712        586.974992107331        330.991606322003      0.0862115766383595        14599.7983253294        6363042.89164485      0.0518556045676167        1.39555684240261 
       1.20707070707071                     0.1      0.0676907734459666      0.0207418975222884    2.92938388702791E-17    8.23582557130859E-22    7.69278412524802E-18    1.43913990923933E-17    6.60810137122719E-30    1.14936511791911E-19    6.07030293715956E-21    2.27773480396967E-19    6.29736600921512E-26        3390.98991577521       -166.961610669087        595.348613180634        331.872196220805      0.0884326648020488         15187.638170277        6365232.58335463      0.0457549417409868        1.39549164669794 
       1.22727272727273                     0.1      0.0693227446276524      0.0212419704373214    3.05918158723481E-17    9.69808636127345E-22    8.03201313146548E-18    1.50264951285564E-17    7.08671851616526E-30    1.29850694484009E-19    2.84198121736904E-21    2.38177246909098E-19    6.46447817682711E-26        3389.98142195257       -153.844801940454        603.055047781907        332.801784083327       0.090564714982079        15755.1678893588         6367447.9246609      0.0408985916637877        1.39542229012106 
       1.24747474747475                     0.1      0.0708980439218974      0.0217246787472281    3.19617301138514E-17    1.19677457657106E-21    8.38254101746507E-18    1.56828376055587E-17    4.59717500789153E-30    1.46500479769685E-19     2.8420033113883E-21     2.6493416952987E-19    6.62596777394713E-26        3389.03995726612       -141.501194981325        610.269309136125        333.764289394491      0.0926227271404771        16305.1091848508        6369657.64507855      0.0368253298028652        1.39534968070745 
       1.26767676767677                     0.1      0.0724155538929336      0.0221896764989018    3.33977694308195E-17    1.47926067352842E-21    8.74566978909888E-18    1.63628391247405E-17    5.94923129626846E-30    1.65040234044337E-19    6.32899294975483E-21     3.0146459397551E-19    6.78387868169385E-26         3388.1620436005       -129.900385658402        617.017606722201        334.757607000016      0.0946052342429775        16836.8486779531         6371850.4373593      0.0334000960119301        1.39527381847249 
       1.28787878787879                     0.1      0.0738926123485817      0.0226422741041397     3.4859560070794E-17    1.76104742442293E-21    9.11726290298131E-18    1.70587149303928E-17    7.83606871576457E-30    1.84684014605187E-19    6.32897207380224E-21     3.3375059373273E-19    6.94401376649098E-26        3387.32891620324       -118.818897455983        623.440833487852        335.770523457395      0.0965348859164114        17355.9671629181        6374036.15884283       0.030425984921832        1.39519602354538 
       1.30808080808081                     0.1      0.0752886094480755      0.0230700391646624    3.62788743773053E-17    1.95951531644539E-21    9.48698000360467E-18    1.77510455496967E-17    6.20431476921877E-30    2.07021604432607E-19    6.32897207380224E-21    3.47335588615148E-19    7.11465723597761E-26        3386.57641125955        -108.64109290561        629.297491759493        336.819056421109      0.0983586575953799         17848.737622827        6376174.39825362      0.0280239318633327         1.3951149440926 
       1.32828282828283                     0.1      0.0766041660547997      0.0234731568881006    3.76553123554823E-17    2.11723139081508E-21    9.84971031644578E-18    1.84303039431074E-17    4.12223073088881E-26    2.33020210964495E-19    6.32897162507577E-21    3.53210265185576E-19    7.29532765131864E-26        3385.89543054478       -99.2883136864603        634.639143680345        337.899859717746       0.100077337803119        18314.6238311973        6378240.17244572      0.0260326867171079        1.39502992652437 
       1.34848484848485                     0.1      0.0778578547646362      0.0238573152842953    3.90040067108232E-17    2.26588538956234E-21    1.02056742212378E-17    1.90969706746581E-17    8.30566665608133E-26    2.61481838987861E-19    6.32897133790923E-21    3.58587509204541E-19    7.48741319565836E-26        3385.26584790931       -90.5334264345069        639.610577317107        339.000971045456       0.101715194016651        18759.5382100795        6380240.55688275      0.0243062143932767        1.39494275804269 
       1.36868686868687                     0.1      0.0790504652159264       0.024222756258881    4.03450027375643E-17    2.43626257219421E-21    1.05573940179659E-17    1.97558530925924E-17    4.24916009592084E-26    2.93580571402853E-19    6.32897133790923E-21    3.68914227585428E-19     7.6899735472606E-26        3384.68426712998       -82.3498111335431        644.233481554662        340.120623264344       0.103273256326746        19183.6260519027        6382171.30950022      0.0228068744421918        1.39485343865652 
       1.38888888888889                     0.1       0.080203536052933      0.0245760806108529    4.17066973426175E-17    2.66558220158441E-21    1.09096462922811E-17    2.04159832351447E-17    1.27334764030622E-27    3.30712240749325E-19     6.3289774345676E-21    3.89835203509845E-19    7.90247175974858E-26        3384.13377441671       -74.5540898311268        648.621527426722        341.250304631733       0.104779663434493        19594.2684566487         6384057.0113938      0.0214643062181222        1.39476213878002 
       1.40909090909091                     0.1      0.0812772329907725       0.024905086422682    4.31030251910932E-17    2.94689549349751E-21    1.12675126876427E-17    2.10869879321872E-17    4.08116733271043E-26    3.72164414049006E-19    1.07196559403928E-20    4.17952891663883E-19    8.11866026190823E-26        3383.63845809574       -67.4525028426319        652.613411334105        342.400418298242       0.106182310718411        19978.0497255531        6385853.90279917      0.0203368409289577        1.39466841275742 
       1.42929292929293                     0.1      0.0822710593440313      0.0252096167082147    4.44990183262212E-17    3.20777191995052E-21    1.16275584447802E-17    2.17621401166703E-17    8.09573819954123E-26    4.17982002417689E-19    1.16233530348354E-20    4.41944185057697E-19    8.32796616810996E-26        3383.19393914328       -60.9912336443047        656.236359300016        343.570689868432       0.107480640042818        20334.4080628312        6387552.55275319      0.0193771686160303        1.39457136885979 
       1.44949494949495                     0.1       0.083206621412673      0.0254962909613109    4.58769168489185E-17    3.41996393024563E-21    1.19869354677905E-17    2.24365785939802E-17    5.16674378706287E-21    4.66098595916485E-19    1.16233602140426E-20    4.57786496128796E-19    8.52749298123448E-26        3382.78551699398       -54.9807798042322        659.593296598673        344.752793984114       0.108702906084818        20670.4154996699        6389170.51531894      0.0185285291440501        1.39447236440286 
       1.46969696969697                     0.1      0.0840852336174222      0.0257655145846986     4.7228128694482E-17     3.5673999751755E-21    1.23437213489487E-17    2.31065769834912E-17    1.26794088358934E-20    5.19539410294089E-19     1.3948013773172E-20    4.63522116797611E-19    8.71242383855343E-26        3382.41159732633       -49.3989085462787        662.693198148887        345.945731353257       0.109850793274125         20986.289946889        6390703.52359709      0.0161484207832954        1.39437159022366 
       1.48989898989899                     0.1      0.0849274709989469      0.0260235999401719    4.85603414196844E-17     3.6655095107539E-21    1.26975202108114E-17    2.37709724403098E-17     1.2753105931878E-20    5.82903908880521E-19    2.32466169248911E-20    4.61623443873557E-19    8.88147047363421E-26        3382.06096044191       -44.0962889943655         665.62108935883        347.142526328012       0.110951097630428        21289.2578740366        6392181.52399554     0.00874054470124177        1.39426989579454 
       1.51010101010101                     0.1      0.0856976807434576      0.0262596078584696    4.99173593276644E-17        3.8036868877E-21    1.30498649202036E-17    2.44315204276709E-17    2.93754759260275E-21    6.58000193135549E-19    1.39480153250402E-20    4.69177149843621E-19    9.01717098627717E-26        3381.75111983183       -39.3116316540287        668.244500546491        348.351161122524       0.111957297994034        21566.6100772805        6393547.66366718      0.0148158135032401         1.3941656841597 
       1.53030303030303                     0.1      0.0863973111318748      0.0264739879301182    5.12681938236106E-17    3.91521956217601E-21    1.34006299411801E-17    2.50888485138475E-17    7.53090165814764E-21    7.39010228269373E-19    1.16233602140426E-20    4.73350783456031E-19    9.12499472229244E-26        3381.47686037525       -35.0154907586782        670.588028817504        349.573530480434       0.112871317353835        21818.7818240373        6394800.82499036      0.0160185056145524        1.39405881724993 
       1.55050505050505                     0.1      0.0870478526607901      0.0266733251183855    5.26428335732872E-17    4.02734326254334E-21    1.37532307042382E-17    2.57497595537326E-17    1.26969241171499E-20    8.30093880630313E-19    1.16233602140426E-20    4.77647192341227E-19    9.20880213042499E-26        3381.22665474887       -31.0551373956556        672.742074916304        350.803272263073       0.113721188789284        22053.4284862244        6395974.30052934      0.0155736594938277        1.39395051964131 
       1.57070707070707                     0.1      0.0876511066607771      0.0268581729932978     5.4024311379417E-17    4.11856694942825E-21    1.41064626611402E-17    2.64118684684136E-17    9.91036737261126E-21    9.32901181961646E-19    1.13647165789981E-20    4.80154655410752E-19    9.27004194590389E-26        3380.99885914315       -27.4137966477664        674.718866150332        352.039957834023       0.114509263516493           22271.2084819        6397071.00144086      0.0151767717436101        1.39384056351917 
       1.59090909090909                     0.1      0.0882245873506681      0.0270339032643353    5.53817608452222E-17    4.16672945232281E-21    1.44587529604892E-17    2.70722931999854E-17    9.53186077096828E-23    1.04197955470533E-18    1.11060766850839E-20     4.7812485078117E-19    9.31108473155278E-26        3380.78521910902       -23.9778362322211         676.58409444286        353.277262290461       0.115258461066406        22478.4917059363        6398122.24971659      0.0148115316362942        1.39372915210993 
       1.61111111111111                     0.1      0.0887390795996775      0.0271915525772058    5.66175094276098E-17    4.12833724172053E-21     1.4791172995854E-17    2.76926816134089E-17    9.83852985993413E-21    1.14329687698258E-18    1.11060719732961E-20    4.67158407965087E-19     9.3351433131486E-26        3380.59904048427       -20.9233392482461        678.237663402309        354.522981844916       0.115930659744088        22664.6579785903        6399077.72576877      0.0144981045428772        1.39361620896548 
       1.63131313131313                     0.1       0.089196498786583      0.0273317141342928    5.78209111934507E-17    4.15870847891621E-21    1.51128681644483E-17     2.8290904792831E-17    1.27621732060517E-20    1.25506777959645E-18    4.39075349381892E-21     4.6565207904577E-19    9.35412065841866E-26        3380.43791919776       -18.2258826901802        679.691400543508        355.780313466503       0.116528224552175        22830.2256117908        6399935.58558238      0.0142292988837217        1.39350049660491 
       1.65151515151515                     0.1      0.0896155914490901      0.0274601336336474    5.90290806276571E-17     4.2665513786724E-21    1.54353962202595E-17    2.88900028246627E-17    7.66441996767877E-21    1.36680640815713E-18    4.64939787782829E-21    4.71355914881375E-19    9.36848868323314E-26        3380.29342451119       -15.7658034264787         681.01210474619        357.043538294859       0.117075707911473        22981.9384813845        6400727.16182513      0.0139894699608735        1.39338294828833 
       1.67171717171717                     0.1      0.0899983277557788      0.0275774144608695    6.02477658836197E-17    4.39881103385138E-21    1.57628886618332E-17    2.94981334568717E-17    4.78880661134101E-21    1.46825389934077E-18    1.16233602140426E-20    4.78604488090506E-19    9.37854060855518E-26        3380.16414075054       -13.5285917369532        682.207936110282        358.312735164416       0.117575706457887           23120.4847999        6401455.07669985      0.0137760179733208        1.39326366985796 
       1.69191919191919                     0.1      0.0903579657376425      0.0276876156221308     6.1486456444082E-17    4.53073356554328E-21    1.60955979667144E-17     3.0116326351846E-17    2.32484029892704E-20    1.54885796006873E-18    1.16233602140426E-20    4.87431535271939E-19    9.38650050780766E-26        3380.04400838546       -11.4334786537503        683.323357933048        359.582126070808       0.118045552054835        23250.6725511245        6402143.40009424      0.0135799681130404        1.39314415740481 
       1.71212121212121                     0.1      0.0906739132367729      0.0277844279430239    6.27459676029095E-17     4.6216856211361E-21    1.64351641112654E-17    3.07469845855224E-17    2.33843983231258E-20    1.64071739807904E-18    1.16233602140426E-20    4.92650952894481E-19    9.39214269446195E-26        3379.94244029366        -9.6021145916821        684.291990898343        360.858860539356       0.118458324871439        23364.9764145002        6402752.79556593      0.0134128842930215        1.39302158743743 
       1.73232323232323                     0.1      0.0909491207057303      0.0278687556679385    6.40210300784174E-17     4.6932380065281E-21    1.67796390363649E-17    3.13858367872089E-17     9.4708319735525E-21    1.71514096969513E-18    1.16233602140426E-20    4.96359630997356E-19    9.39578020552342E-26        3379.85536315521        -8.0145151649139        685.127376305784        362.145525019555       0.118817891434634        23464.4652810753         6403287.2074985      0.0132707763474389        1.39289682048451 
       1.75252525252525                     0.1      0.0911978832494566      0.0279449823979764    6.53090921603396E-17     4.7450071006367E-21    1.71282277974149E-17    3.20320906997022E-17    9.40287119542213E-21     1.7719000549689E-18    1.16233602140426E-20    4.98391619296375E-19    9.39978833993615E-26        3379.77780069868       -6.58523529665761        685.877147410808        363.435495894027         0.1191428959421        23554.3451428358         6403772.5804992      0.0131445456375272        1.39277049842497 
       1.77272727272727                     0.1      0.0914219809874932      0.0280136526139437    6.66065386719007E-17    4.78154482767247E-21    1.74796397116591E-17    3.26830761897339E-17    2.32783140160572E-20     1.8289147680996E-18    1.16233602140426E-20     4.9919104341047E-19    9.40477343711372E-26        3379.70931351853       -5.30315086362859        686.547847479639        364.727847227715       0.119435652562427        23635.2633554499        6404212.11433047       0.013032727123631         1.3926426450955 
       1.79292929292929                     0.1      0.0916302080748037      0.0280774574833579    6.79048945533913E-17    4.80517616935934E-21    1.78311439484579E-17    3.33338731555371E-17    2.34093696931943E-20    1.91970338668915E-18    1.16233602140426E-20    4.98837722665602E-19    9.41249959937223E-26        3379.64718623888        -4.1162943819614        687.167671322991        366.018264580111       0.119707661423409        23710.4302177025        6404622.89237867      0.0129303426925854        1.39251458154491 
       1.81313131313131                     0.1      0.0918096100729199      0.0281324298619738    6.91799240868782E-17    4.81515359587837E-21    1.81796541094788E-17    3.39750358721339E-17     4.8117785787933E-21    2.02696263391832E-18    1.16233602140426E-20    4.97512179097653E-19    9.42347761653305E-26        3379.59427069257       -3.09857411600278        687.696280590001        367.312953589844       0.119942049955209        23775.1075619069         6404980.0727207      0.0128439167726257        1.39238417638598 
       1.83333333333333                     0.1      0.0919629548385897      0.0281794193203161    7.04160615308928E-17    4.73552693134806E-21    1.85261337402823E-17    3.46091513372169E-17    6.42530281245655E-23    2.13306316056591E-18    1.16233602140426E-20    4.87458583212709E-19    9.43712656288057E-26        3379.55067837903       -2.23192347479699         688.14305158502        368.615487730827       0.120142389722225        23830.2744516789        6405286.57122575      0.0127713204553959        1.39225175903556 
       1.85353535353535                     0.1      0.0920997418485613      0.0282213346569498    7.16510591271576E-17    4.66836727486762E-21    1.88735385203631E-17    3.52439862274582E-17    4.13818448399946E-24    2.24733307420749E-18    1.16233602140426E-20    4.78920438869495E-19    9.45372177925702E-26        3379.51277100783       -1.46081874359034        688.538087777743        369.920998235938        0.12032108859224        23879.4020810501        6405561.82907525      0.0127074263674069        1.39211749029209 
       1.87373737373737                     0.1      0.0922213297967288      0.0282585920313659    7.29158373639138E-17    4.67907762571736E-21    1.92247162541753E-17    3.58854057194005E-17    8.25208806857012E-24    2.37421074880808E-18    1.16233602140426E-20    4.78494140699796E-19    9.47220118535273E-26         3379.4798542215      -0.777035593099413        688.885728947769        371.228437311803        0.12047992212177        23922.9827214066        6405808.29039967      0.0126514150286439         1.3919815661999 
       1.89393939393939                     0.1      0.0923330261866687      0.0282928185662984    7.42334882131009E-17    4.79714835466359E-21    1.95808361754858E-17    3.65371314420922E-17    8.20738556213382E-24    2.50793538773199E-18    1.16233602140426E-20    4.89052105995073E-19    9.49248462497892E-26        3379.45022282569      -0.149758758387703        689.202368780142        372.535922470372       0.120625827745492        23962.9544706951        6406035.61148641      0.0126005778744862        1.39184567166843 
       1.91414141414141                     0.1      0.0924276926558426      0.0283218231273262     7.5531868802583E-17    4.82317659974124E-21    1.99354273693942E-17    3.71813819137376E-17    3.86842335166489E-24     2.6723415594031E-18    1.16233602140426E-20    4.90513295142237E-19     9.5167953255442E-26        3379.42661336655       0.380230581103599        689.465985617506        373.841658989232       0.120749545458572        23996.6875021596        6406228.22232245      0.0125583352254286        1.39170756868047 
       1.93434343434343                     0.1      0.0925075096266072      0.0283462826761114    7.68046897696599E-17    4.82194057372533E-21    2.02881407355114E-17    3.78162812568362E-17    5.17304660159741E-22    2.84789709597497E-18    1.16233602140426E-20    4.89432551683939E-19    9.54473446639348E-26        3379.40696572087        0.82508597069781        689.683899684306        375.144597817294       0.120853788203893        24024.9949568695        6406391.60212442      0.0125233736035083        1.39156839960152 
       1.95454545454545                     0.1      0.0925780696697386      0.0283679044573984    7.80523461776798E-17    4.79625473276454E-21    2.06378530523251E-17    3.84433811015183E-17    1.03866541425289E-21    3.01925789355602E-18    1.16233602140426E-20     4.8602940368573E-19    9.57830431135421E-26         3379.3899977598        1.21683400509293         689.87352211522        376.442496013765       0.120945960595268        24049.9262962647        6406536.16239025      0.0124929162436927        1.39142870098693 
       1.97474747474747                     0.1      0.0926402427082104      0.0283869547868252     7.9263757967751E-17    4.71146472743629E-21    2.09827370623257E-17    3.90602256192032E-17    5.25696835530196E-22    3.17814899675761E-18    1.16233570738446E-20      4.765755130802E-19    9.61911981000097E-26        3379.37558471593        1.56039304699693        690.037737381461        377.734758905058       0.121027210985958        24071.8037338875        6406663.43618979      0.0124664903864242         1.3912883722958 
        1.9949494949495                     0.1      0.0926969552626975      0.0284043361605698    8.04028291111574E-17    4.46204947884481E-21    2.13165573626018E-17    3.96573391701888E-17    8.93796117795274E-24    3.32299875421614E-18    1.16233377984454E-20    4.49750498143918E-19    9.66927633818145E-26        3379.36281437838        1.87241264282671        690.185608943477        379.023085057675       0.121101314184493        24091.7019376726        6406779.91840283      0.0124426751740699        1.39114729659325 
       2.01515151515152                     0.1      0.0927444998681463      0.0284189042864692    8.15308168497978E-17    4.22093983718119E-21    2.16463735768992E-17    4.02472937546839E-17      4.571076512621E-24    3.45457601684194E-18    7.23263850755178E-21    4.24693514630965E-19    9.73228537104365E-26        3379.35285419409          2.131843022548        690.306184619165        380.305393365404       0.121163434946702        24108.2684065701        6406877.95730898      0.0124231552774631         1.3910062210258 
       2.03535353535354                     0.1      0.0927841947237338      0.0284310666415084    8.26088367433012E-17    4.06348186130637E-21    2.19627160176608E-17    4.08104275468182E-17    2.67409598807187E-25    3.57574104903071E-18    6.32898302281648E-21     4.0925938687138E-19    9.80329173680192E-26        3379.34524383887        2.34638614385807        690.403218687467        381.579896563242       0.121215301922981        24121.9772348424        6406960.30187689      0.0124072866847375        1.39086391134903 
       2.05555555555556                     0.1      0.0928190705136994       0.028441752122139    8.35834690635217E-17    3.88792630505735E-21    2.22563076023087E-17    4.13264410307164E-17     2.6107974603267E-25    3.69258006938793E-18    6.32899120702047E-21    3.92100930144998E-19     9.8742875298251E-26        3379.33895158052        2.53340845575217        690.485754603381        382.846809903676        0.12126085019993        24133.9277610557        6407033.00350819      0.0123936656128544        1.39072143789538 
       2.07575757575758                     0.1      0.0928496246990747      0.0284511141047451    8.44569184525097E-17    3.66332267963377E-21    2.25288076566699E-17    4.17957782926815E-17    6.55400864168092E-25    3.80793862586349E-18    6.32898333703643E-21    3.69245468947138E-19     9.9369798592014E-26        3379.33374963438        2.69583775432267        690.555269214912        384.105682556412       0.121300735989376        24144.2999508186        6407096.72879691      0.0123820578597388        1.39057894878346 
        2.0959595959596                     0.1      0.0928773811865348      0.0284596224698029    8.52908450985661E-17    3.41992982233136E-21    2.27925877132364E-17    4.22439136373193E-17    6.63255905290279E-25    3.92484029148317E-18    6.32894856753134E-21    3.42656332615881E-19     9.9815594655054E-26        3379.32918191698        2.84234195558587        690.616228785796        385.361054511899       0.121337000837963        24153.6480228075        6407154.05848802      0.0123717662390419         1.3904358874652 
       2.11616161616162                     0.1      0.0929005151187429      0.0284667036894832    8.61498137368714E-17    3.25267029662958E-21    2.30585064431192E-17    4.26918724984926E-17    1.21251075865199E-25    4.04085271257796E-18    6.32894856744452E-21    3.25512321547448E-19    1.00016568684397E-25        3379.32631766524        2.96302846384574        690.663637054277        386.602999015854       0.121367214752339        24161.3197783743        6407202.23359076      0.0123635684114602        1.39029354542841 
       2.13636363636364                     0.1      0.0929197104586569      0.0284725861861121    8.69953377493132E-17    3.09252467240438E-21     2.3325798352468E-17    4.31370734545512E-17    4.00569176372574E-25    4.14922366872723E-18    9.81596303777226E-21    3.09375818480217E-19     1.0011673054469E-25        3379.32353511828        3.06192429700262        690.699857207119        387.829806830359       0.121392288453113        24167.5820600963         6407242.5391719      0.0123571083786669        1.39015092123679 
       2.15656565656566                     0.1      0.0929364928528216      0.0284777312738269    8.78414773598361E-17    2.95177452242297E-21     2.3593741443022E-17    4.35783255675875E-17    6.54389339510735E-25    4.25474483351935E-18    9.55729931835055E-21    2.95677549574798E-19    1.00136823814269E-25        3379.32149573891        3.14759922880211        690.729394556731        389.045295985004       0.121414210059446        24172.9809851238        6407278.26773224      0.0123516947411389          1.390008596849 
       2.17676767676768                     0.1      0.0929511247182346      0.0284822154022049    8.86856320824295E-17    2.81743184564917E-21    2.38595959612284E-17    4.40084833252775E-17    5.49110171507286E-25    4.36085019210996E-18    6.07032467568531E-21     2.8280476937694E-19    1.00085185124652E-25        3379.32044364844        3.22143052928076        690.752965103027        390.249361779189       0.121433321296281        24177.6080829535        6407309.73037213      0.0123472148659175        1.38986684996778 
        2.1969696969697                     0.1      0.0929643968108897      0.0284862771100409    8.95537096919019E-17    2.73165334586842E-21    2.41212549334403E-17     4.4427799317465E-17    9.65757983011281E-27    4.47100651684874E-18    6.32896261701703E-21    2.73920645183543E-19    9.99364993013162E-26        3379.31980364595        3.28765888819847        690.772724537768        391.447814038569       0.121450649219215        24181.7483114875        6407337.99520855      0.0123433363818993        1.38972545246105 
       2.21717171717172                     0.1      0.0929754229221407      0.0284896591958767    9.02622907843683E-17    2.64911115187265E-21    2.43495759406504E-17    4.47724985825883E-17    5.39809487044922E-25     4.5879127916524E-18    1.12369015599158E-20    2.64815439182918E-19    9.96914593964655E-26         3379.3191527845        3.34137362571148        690.786285862132        392.628253866422       0.121465072228444          24185.09422575        6407361.68252889      0.0123404135061084        1.38958414515488 
       2.23737373737374                     0.1       0.092984569648661      0.0284924645735983    9.08058125663656E-17    2.53765876723937E-21    2.45513999629803E-17    4.50545478916466E-17    6.54672313867941E-25    4.71108849551244E-18    1.58862482732941E-20    2.53466452193298E-19    9.94020597318701E-26        3379.31913131321        3.38443005359898        690.794489501494        393.786638099726       0.121477048125669        24187.7593547343        6407380.87995614      0.0123383103418038         1.3894443657901 
       2.25757575757576                     0.1      0.0929925963080411      0.0284949233447081    9.12782660139283E-17    2.45918560336463E-21     2.4741453465736E-17    4.53100646514648E-17    4.05753505520588E-25    4.84258371922307E-18    1.74349810032498E-20    2.45642936235024E-19    9.90461500481269E-26        3379.31960886278        3.42117273626334        690.799502269663        394.929249202204       0.121487531491664        24190.0227686637        6407397.94433287      0.0123367013551508        1.38930584514513 
       2.27777777777778                     0.1       0.092999627867772       0.028497075109423    9.17374415999594E-17    2.44628131142758E-21    2.49296384263723E-17    4.55590883343182E-17    1.19710459579018E-25    4.98469665858977E-18    1.45930332192828E-20    2.44896047632296E-19    9.86136887128433E-26        3379.32032518181        3.45235067171652        690.801645545293        396.057295218747       0.121496693786838        24191.9290737357         6407413.0756506      0.0123355361837736        1.38916832651153 
        2.2979797979798                     0.1       0.093006059097145      0.0284990475560942    9.22398756388091E-17    2.53845096515567E-21    2.51203820125836E-17    4.58182211353893E-17    6.49067334932648E-25    5.14226189142316E-18    5.29443119676499E-21    2.56410164564223E-19    9.80840328398051E-26        3379.32041210295        3.48010723694486        690.801853331723        397.177791889135       0.121505147455614        24193.6091290377        6407426.05257006      0.0123346580594898        1.38903102461899 
       2.31818181818182                     0.1      0.0930114125360951      0.0285006919469561    9.27635523154156E-17    2.52642180869409E-21    2.53212168265245E-17    4.60885891273793E-17    6.94925645401246E-25    5.30517828127019E-18    9.03749401776477E-22    2.55183251428035E-19    9.74721524422485E-26        3379.32119335124        3.50205542421264        690.799128898923        398.280631695769       0.121512073685276        24194.9064800866        6407436.67398439      0.0123342384504466        1.38889466592461 
       2.33838383838384                     0.1      0.0930158151775576       0.028502037032644    9.32702896351766E-17    2.46806161378874E-21    2.55294508000997E-17    4.63493624667796E-17    3.40184802986243E-25    5.46114983224145E-18    1.68919679879595E-26    2.47834888583109E-19    9.68921879555203E-26        3379.32202893158        3.51888328792679        690.794363751809        399.366266916853       0.121517856636669        24195.8834648139        6407445.65043882      0.0123341635086642        1.38875980612609 
       2.35858585858586                     0.1      0.0930196577859422      0.0285032138857965    9.37471916650764E-17    2.44340847120666E-21    2.57355593342549E-17    4.65908358842588E-17    2.98266704495066E-25     5.6143595346821E-18    9.00172904824846E-27     2.4484191248439E-19    9.63579492694727E-26         3379.3229079713        3.53275784823179        690.788364578245        400.439702029804       0.121522895798108        24196.6712012951        6407453.96037444      0.0123342940822095         1.3886253334277 
       2.37878787878788                     0.1      0.0930229901812845      0.0285042383530161    9.41896869379749E-17    2.48694018696946E-21     2.5937594791845E-17    4.68123853323876E-17    6.88192921021409E-25    5.76983273644289E-18    1.42100405960617E-21    2.49805664393015E-19    9.58651384357765E-26        3379.32373268081        3.54402285461991        690.781170714704        401.501306999813       0.121527226759507        24197.2847446566        6407461.35927466      0.0123346189365127        1.38849130912409 
        2.3989898989899                     0.1      0.0930259830987925      0.0285051556972112    9.46052015793422E-17    2.56761541636596E-21    2.61330716737163E-17    4.70266804256238E-17    7.34033096600351E-25    5.93699200771629E-18    6.32896261701718E-21     2.5759028725283E-19    9.53738644941787E-26         3379.3245139291        3.55369139979658        690.773186777125        402.557588223846       0.121531095799417         24197.785880831        6407467.40322898       0.012335069412557         1.3883580975418 
       2.41919191919192                     0.1      0.0930284402689714      0.0285059037582393    9.50815067678506E-17    2.58348234793832E-21    2.63488841037078E-17    4.72714536477529E-17    1.97886733482948E-25    6.11046459460353E-18    1.09782655404282E-20     2.5828241767918E-19    9.48422457070336E-26         3379.3253386386        3.56047222121599        690.763852013807        403.597630155661       0.121534348297695        24198.0977930114        6407472.69168466      0.0123357420679468        1.38822570182716 
       2.43939393939394                     0.1      0.0930303863548064      0.0285064973009521     9.5624021812817E-17     2.5125928508547E-21    2.65934881272686E-17    4.75459256474958E-17    4.38092529108622E-25    6.27807957347176E-18    8.39497067654948E-21    2.51797069543258E-19    9.43017822855317E-26        3379.32688491203        3.56443974619869        690.753156378562        404.623054881693       0.121536904063985        24198.2293140783        6407477.11315478        0.01233663009232        1.38809427527561 
       2.45959595959596                     0.1      0.0930321420622481      0.0285070376208361    9.62981631188543E-17    2.42316033459235E-21    2.68976320511235E-17    4.78839387513925E-17    6.89961062120899E-25     6.4602490353941E-18    5.55303522202158E-21    2.43284295648527E-19    9.36824689577939E-26        3379.32818703935        3.56659972959898        690.740118468593         405.75675984605        0.12153919578665        24198.2319826761        6407480.97911192      0.0123377889494083        1.38794791872449 
       2.47979797979798                     0.1      0.0930336450069086      0.0285075031220729    9.70073628317372E-17    2.36478717536839E-21    2.72178715825834E-17    4.82373835959791E-17    6.63504755691971E-25    6.63894371827894E-18    6.19808657917002E-21    2.37081242425378E-19    9.30575936429554E-26        3379.32916360185        3.56747446669614        690.726611577948        406.874797254205       0.121541155124199        24198.1529503167        6407484.17856103      0.0111050625482931        1.38780277619959 
                    2.5                     0.1      0.0930345992538702      0.0285077945777952    9.74875236179666E-17    2.35634015662304E-21    2.74326759918227E-17    4.84757719857166E-17    1.73434822858354E-25    6.75772809457358E-18    1.05887446374993E-20    2.35203081848019E-19    9.26390677807392E-26         3379.3306826372        3.56792314121162        690.717689434738        407.610514368387        0.12154242524293        24198.0846055766         6407486.4450429     0.00616993057698698        1.38770696953554 
